200,'TRILLTP-Weekday1',602,,12271,1,,,1,13,,12297,2,,,1,0,,12362,4,,,1,13,,12310,4,,,1,12,,12336,4,,,1,12,,12285,4,,,1,52,,12323,4,,,1,12,,12350,4,,,1,12,,12272,4,,,1,12,,12298,4,,,1,12,,12311,4,,,1,52,,12337,4,,,1,12,,12286,4,,,1,12,,12324,4,,,1,12,,12351,4,,,1,12,,12273,4,,,1,52,,12299,4,,,1,12,,12312,4,,,1,12,,12338,4,,,1,12,,12287,4,,,1,12,,12325,4,,,1,52,,12352,4,,,1,12,,12274,4,,,1,12,,12300,4,,,1,12,,12313,4,,,1,12,,12339,4,,,1,52,,12288,4,,,1,12,,12326,4,,,1,12,,12353,4,,,1,12,,12275,4,,,1,12,,12301,4,,,1,52,,12314,4,,,1,12,,12340,4,,,1,12,,12289,4,,,1,12,,12327,4,,,1,12,,12354,4,,,1,52,,12276,4,,,1,12,,12302,4,,,1,12,,12315,4,,,1,12,,12341,4,,,1,12,,12290,4,,,1,52,,12328,4,,,1,12,,12355,4,,,1,12,,12277,4,,,1,12,,12303,4,,,1,12,,12316,4,,,1,52,,12342,4,,,1,12,,12291,4,,,1,12,,12329,4,,,1,12,,12356,4,,,1,12,,12278,4,,,1,52,,12304,4,,,1,12,,12317,4,,,1,12,,12343,4,,,1,12,,12292,4,,,1,12,,12330,4,,,1,52,,12357,4,,,1,12,,12279,4,,,1,12,,12305,4,,,1,12,,12318,4,,,1,12,,12344,4,,,1,52,,12293,4,,,1,12,,12331,4,,,1,12,,12358,4,,,1,12,,12280,4,,,1,12,,12306,4,,,1,52,,12319,4,,,1,12,,12345,4,,,1,12,,12294,4,,,1,12,,12332,4,,,1,12,,12359,4,,,1,52,,12281,4,,,1,12,,12307,4,,,1,12,,12320,4,,,1,12,,12346,4,,,1,12,,12295,4,,,1,52,,12333,4,,,1,12,,12360,4,,,1,12,,12282,4,,,1,12,,12308,4,,,1,12,,12321,4,,,1,52,,12347,4,,,1,12,,12296,4,,,1,12,,12334,4,,,1,12,,12361,4,,,1,12,,12283,4,,,1,52,,12309,4,,,1,12,,12322,4,,,1,12,,12348,4,,,1,24,,12335,4,,,1,62,,12284,4,,,1
200,'TRILSAT-Saturday1',638,,13316,1,,,1,12,,13341,2,,,1,53,,13354,3,,,1,12,,13379,4,,,1,12,,13329,4,,,1,12,,13367,4,,,1,12,,13393,4,,,1,52,,13317,4,,,1,12,,13342,4,,,1,12,,13355,4,,,1,12,,13380,4,,,1,12,,13330,4,,,1,52,,13368,4,,,1,12,,13394,4,,,1,12,,13318,4,,,1,12,,13343,4,,,1,12,,13356,4,,,1,52,,13381,4,,,1,12,,13331,4,,,1,12,,13369,4,,,1,12,,13395,4,,,1,12,,13319,4,,,1,52,,13344,4,,,1,12,,13357,4,,,1,12,,13382,4,,,1,12,,13332,4,,,1,12,,13370,4,,,1,52,,13396,4,,,1,12,,13320,4,,,1,12,,13345,4,,,1,12,,13358,4,,,1,12,,13383,4,,,1,52,,13333,4,,,1,12,,13371,4,,,1,12,,13397,4,,,1,12,,13321,4,,,1,12,,13346,4,,,1,52,,13359,4,,,1,12,,13384,4,,,1,12,,13334,4,,,1,12,,13372,4,,,1,12,,13398,4,,,1,52,,13322,4,,,1,12,,13347,4,,,1,12,,13360,4,,,1,12,,13385,4,,,1,12,,13335,4,,,1,52,,13373,4,,,1,12,,13399,4,,,1,12,,13323,4,,,1,12,,13348,4,,,1,12,,13361,4,,,1,52,,13386,4,,,1,12,,13336,4,,,1,12,,13374,4,,,1,12,,13400,4,,,1,12,,13324,4,,,1,52,,13349,4,,,1,12,,13362,4,,,1,12,,13387,4,,,1,12,,13337,4,,,1,12,,13375,4,,,1,52,,13401,4,,,1,12,,13325,4,,,1,12,,13350,4,,,1,12,,13363,4,,,1,12,,13388,4,,,1,52,,13338,4,,,1,12,,13376,4,,,1,12,,13402,4,,,1,12,,13326,4,,,1,12,,13351,4,,,1,52,,13364,4,,,1,12,,13389,4,,,1,12,,13339,4,,,1,12,,13377,4,,,1,12,,13403,4,,,1,52,,13327,4,,,1,12,,13352,4,,,1,12,,13365,4,,,1,12,,13390,4,,,1,12,,13340,4,,,1,52,,13378,4,,,1,12,,13404,4,,,1,12,,13328,4,,,1,12,,13353,4,,,1,12,,13366,4,,,1,52,,13391,4,,,1
200,'TRILSUN-Sunday1',732,,13405,1,,,1,12,,13428,2,,,1,13,,13440,3,,,1,52,,13463,4,,,1,12,,13417,4,,,1,12,,13452,4,,,1,12,,13476,4,,,1,12,,13406,4,,,1,52,,13429,4,,,1,12,,13441,4,,,1,12,,13464,4,,,1,12,,13418,4,,,1,12,,13453,4,,,1,52,,13477,4,,,1,12,,13407,4,,,1,12,,13430,4,,,1,12,,13442,4,,,1,12,,13465,4,,,1,52,,13419,4,,,1,12,,13454,4,,,1,12,,13478,4,,,1,12,,13408,4,,,1,12,,13431,4,,,1,52,,13443,4,,,1,12,,13466,4,,,1,12,,13420,4,,,1,12,,13455,4,,,1,12,,13479,4,,,1,52,,13409,4,,,1,12,,13432,4,,,1,12,,13444,4,,,1,12,,13467,4,,,1,12,,13421,4,,,1,52,,13456,4,,,1,12,,13480,4,,,1,12,,13410,4,,,1,12,,13433,4,,,1,12,,13445,4,,,1,52,,13468,4,,,1,12,,13422,4,,,1,12,,13457,4,,,1,12,,13481,4,,,1,12,,13411,4,,,1,52,,13434,4,,,1,12,,13446,4,,,1,12,,13469,4,,,1,12,,13423,4,,,1,12,,13458,4,,,1,52,,13482,4,,,1,12,,13412,4,,,1,12,,13435,4,,,1,12,,13447,4,,,1,12,,13470,4,,,1,52,,13424,4,,,1,12,,13459,4,,,1,12,,13483,4,,,1,12,,13413,4,,,1,12,,13436,4,,,1,52,,13448,4,,,1,12,,13471,4,,,1,12,,13425,4,,,1,12,,13460,4,,,1,12,,13484,4,,,1,52,,13414,4,,,1,12,,13437,4,,,1,12,,13449,4,,,1,12,,13472,4,,,1,12,,13426,4,,,1,52,,13461,4,,,1,12,,13485,4,,,1,12,,13415,4,,,1,12,,13438,4,,,1,12,,13450,4,,,1,52,,13473,4,,,1,12,,13427,4,,,1,12,,13462,4,,,1,12,,13486,4,,,1,12,,13416,4,,,1,52,,13439,4,,,1,12,,13451,4,,,1,12,,13474,4,,,1
201,'TRILLTP-Weekday1',616,,12548,4,,,1,13,,12586,8,,,1,12,,12613,8,,,1,12,,12535,8,,,1,52,,12561,8,,,1,12,,12574,8,,,1,12,,12600,8,,,1,12,,12549,8,,,1,12,,12587,8,,,1,52,,12614,8,,,1,12,,12536,8,,,1,12,,12562,8,,,1,12,,12575,8,,,1,12,,12601,8,,,1,52,,12550,8,,,1,12,,12588,8,,,1,12,,12615,8,,,1,12,,12537,8,,,1,12,,12563,8,,,1,52,,12576,8,,,1,12,,12602,8,,,1,12,,12551,8,,,1,12,,12589,8,,,1,12,,12616,8,,,1,52,,12538,8,,,1,12,,12564,8,,,1,12,,12577,8,,,1,12,,12603,8,,,1,12,,12552,8,,,1,52,,12590,8,,,1,12,,12617,8,,,1,12,,12539,8,,,1,12,,12565,8,,,1,12,,12578,8,,,1,52,,12604,8,,,1,12,,12553,8,,,1,12,,12591,8,,,1,12,,12618,8,,,1,12,,12540,8,,,1,52,,12566,8,,,1,12,,12579,8,,,1,12,,12605,8,,,1,12,,12554,8,,,1,12,,12592,8,,,1,52,,12619,8,,,1,12,,12541,8,,,1,12,,12567,8,,,1,12,,12580,8,,,1,12,,12606,8,,,1,52,,12555,8,,,1,12,,12593,8,,,1,12,,12620,8,,,1,12,,12542,8,,,1,12,,12568,8,,,1,52,,12581,8,,,1,12,,12607,8,,,1,12,,12556,8,,,1,12,,12594,8,,,1,12,,12621,8,,,1,52,,12543,8,,,1,12,,12569,8,,,1,12,,12582,8,,,1,12,,12608,8,,,1,12,,12557,8,,,1,52,,12595,8,,,1,12,,12622,8,,,1,12,,12544,8,,,1,12,,12570,8,,,1,12,,12583,8,,,1,52,,12609,8,,,1,12,,12558,8,,,1,12,,12596,8,,,1,12,,12623,8,,,1,12,,12545,8,,,1,52,,12571,8,,,1,12,,12584,8,,,1,12,,12610,8,,,1,12,,12559,8,,,1,12,,12597,8,,,1,52,,12624,8,,,1,12,,12546,8,,,1,12,,12572,8,,,1,12,,12585,8,,,1,12,,12611,8,,,1,52,,12560,8,,,1,12,,12598,8,,,1,12,,12625,8,,,1,12,,12547,8,,,1,12,,12573,8,,,1,64,,12612,8,,,1
201,'TRILSAT-Saturday1',652,,13499,4,,,1,53,,13536,7,,,1,12,,13562,8,,,1,12,,13487,8,,,1,12,,13512,8,,,1,12,,13524,8,,,1,52,,13550,8,,,1,12,,13500,8,,,1,12,,13537,8,,,1,12,,13563,8,,,1,12,,13488,8,,,1,52,,13513,8,,,1,12,,13525,8,,,1,12,,13551,8,,,1,12,,13501,8,,,1,12,,13538,8,,,1,52,,13564,8,,,1,12,,13489,8,,,1,12,,13514,8,,,1,12,,13526,8,,,1,12,,13552,8,,,1,52,,13502,8,,,1,12,,13539,8,,,1,12,,13565,8,,,1,12,,13490,8,,,1,12,,13515,8,,,1,52,,13527,8,,,1,12,,13553,8,,,1,12,,13503,8,,,1,12,,13540,8,,,1,12,,13566,8,,,1,52,,13491,8,,,1,12,,13516,8,,,1,12,,13528,8,,,1,12,,13554,8,,,1,12,,13504,8,,,1,52,,13541,8,,,1,12,,13567,8,,,1,12,,13492,8,,,1,12,,13517,8,,,1,12,,13529,8,,,1,52,,13555,8,,,1,12,,13505,8,,,1,12,,13542,8,,,1,12,,13568,8,,,1,12,,13493,8,,,1,52,,13518,8,,,1,12,,13530,8,,,1,12,,13556,8,,,1,12,,13506,8,,,1,12,,13543,8,,,1,52,,13569,8,,,1,12,,13494,8,,,1,12,,13519,8,,,1,12,,13531,8,,,1,12,,13557,8,,,1,52,,13507,8,,,1,12,,13544,8,,,1,12,,13570,8,,,1,12,,13495,8,,,1,12,,13520,8,,,1,52,,13532,8,,,1,12,,13558,8,,,1,12,,13508,8,,,1,12,,13545,8,,,1,12,,13571,8,,,1,52,,13496,8,,,1,12,,13521,8,,,1,12,,13533,8,,,1,12,,13559,8,,,1,12,,13509,8,,,1,52,,13546,8,,,1,12,,13572,8,,,1,12,,13497,8,,,1,12,,13522,8,,,1,12,,13534,8,,,1,52,,13560,8,,,1,12,,13510,8,,,1,12,,13547,8,,,1,12,,13573,8,,,1,12,,13498,8,,,1,52,,13523,8,,,1,12,,13535,8,,,1,12,,13561,8,,,1,12,,13511,8,,,1,12,,13548,8,,,1,52,,13574,8,,,1
201,'TRILSUN-Sunday1',746,,13586,4,,,1,13,,13620,7,,,1,52,,13644,8,,,1,12,,13575,8,,,1,12,,13598,8,,,1,12,,13609,8,,,1,12,,13633,8,,,1,52,,13587,8,,,1,12,,13621,8,,,1,12,,13645,8,,,1,12,,13576,8,,,1,12,,13599,8,,,1,52,,13610,8,,,1,12,,13634,8,,,1,12,,13588,8,,,1,12,,13622,8,,,1,12,,13646,8,,,1,52,,13577,8,,,1,12,,13600,8,,,1,12,,13611,8,,,1,12,,13635,8,,,1,12,,13589,8,,,1,52,,13623,8,,,1,12,,13647,8,,,1,12,,13578,8,,,1,12,,13601,8,,,1,12,,13612,8,,,1,52,,13636,8,,,1,12,,13590,8,,,1,12,,13624,8,,,1,12,,13648,8,,,1,12,,13579,8,,,1,52,,13602,8,,,1,12,,13613,8,,,1,12,,13637,8,,,1,12,,13591,8,,,1,12,,13625,8,,,1,52,,13649,8,,,1,12,,13580,8,,,1,12,,13603,8,,,1,12,,13614,8,,,1,12,,13638,8,,,1,52,,13592,8,,,1,12,,13626,8,,,1,12,,13650,8,,,1,12,,13581,8,,,1,12,,13604,8,,,1,52,,13615,8,,,1,12,,13639,8,,,1,12,,13593,8,,,1,12,,13627,8,,,1,12,,13651,8,,,1,52,,13582,8,,,1,12,,13605,8,,,1,12,,13616,8,,,1,12,,13640,8,,,1,12,,13594,8,,,1,52,,13628,8,,,1,12,,13652,8,,,1,12,,13583,8,,,1,12,,13606,8,,,1,12,,13617,8,,,1,52,,13641,8,,,1,12,,13595,8,,,1,12,,13629,8,,,1,12,,13653,8,,,1,12,,13584,8,,,1,52,,13607,8,,,1,12,,13618,8,,,1,12,,13642,8,,,1,12,,13596,8,,,1,12,,13630,8,,,1,52,,13654,8,,,1,12,,13585,8,,,1,12,,13608,8,,,1,12,,13619,8,,,1,12,,13643,8,,,1,52,,13597,8,,,1,12,,13631,8,,,1
400,'TRILLTP-Weekday1',611,,12794,2,4,,1,10,,12840,3,4,,1,12,,12795,3,4,,1,12,,12841,3,4,,1,12,,12796,3,4,,1,52,,12842,3,4,,1,12,,12797,3,4,,1,12,,12843,3,4,,1,12,,12798,3,4,,1,12,,12844,3,4,,1,52,,12799,3,4,,1,12,,12845,3,4,,1,12,,12800,3,4,,1,12,,12846,3,4,,1,12,,12801,3,4,,1,52,,12847,3,4,,1,12,,12802,3,4,,1,12,,12848,3,4,,1,12,,12803,3,4,,1,12,,12849,3,4,,1,52,,12804,3,4,,1,12,,12850,3,4,,1,12,,12805,3,4,,1,12,,12851,3,4,,1,12,,12806,3,4,,1,52,,12852,3,4,,1,12,,12807,3,4,,1,12,,12853,3,4,,1,12,,12808,3,4,,1,12,,12854,3,4,,1,52,,12809,3,4,,1,12,,12855,3,4,,1,12,,12810,3,4,,1,12,,12856,3,4,,1,12,,12811,3,4,,1,52,,12857,3,4,,1,12,,12812,3,4,,1,12,,12858,3,4,,1,12,,12813,3,4,,1,12,,12859,3,4,,1,52,,12814,3,4,,1,12,,12860,3,4,,1,12,,12815,3,4,,1,12,,12861,3,4,,1,12,,12816,3,4,,1,52,,12862,3,4,,1,12,,12817,3,4,,1,12,,12863,3,4,,1,12,,12818,3,4,,1,12,,12864,3,4,,1,52,,12819,3,4,,1,12,,12865,3,4,,1,12,,12820,3,4,,1,12,,12866,3,4,,1,12,,12821,3,4,,1,52,,12867,3,4,,1,12,,12822,3,4,,1,12,,12868,3,4,,1,12,,12823,3,4,,1,12,,12869,3,4,,1,52,,12824,3,4,,1,12,,12870,3,4,,1,12,,12825,3,4,,1,12,,12871,3,4,,1,12,,12826,3,4,,1,52,,12872,3,4,,1,12,,12827,3,4,,1,12,,12873,3,4,,1,12,,12828,3,4,,1,12,,12874,3,4,,1,52,,12829,3,4,,1,12,,12875,3,4,,1,12,,12830,3,4,,1,12,,12876,3,4,,1,12,,12831,3,4,,1,52,,12877,3,4,,1,12,,12832,3,4,,1,12,,12878,3,4,,1,12,,12833,3,4,,1,12,,12879,3,4,,1,52,,12834,3,4,,1,12,,12880,3,4,,1,12,,12835,3,4,,1,12,,12881,3,4,,1,12,,12836,3,4,,1,52,,12882,3,4,,1,12,,12837,3,4,,1,12,,12883,3,4,,1,12,,12838,3,4,,1,12,,12884,3,4,,1,52,,12839,3,4,,1,14,,12885,3,4,,1
400,'TRILSAT-Saturday1',645,,13655,2,4,,1,64,,13656,3,4,,1,24,,13657,3,4,,1,24,,13658,3,4,,1,64,,13659,3,4,,1,24,,13660,3,4,,1,64,,13661,3,4,,1,24,,13662,3,4,,1,24,,13663,3,4,,1,64,,13664,3,4,,1,24,,13665,3,4,,1,64,,13666,3,4,,1,24,,13667,3,4,,1,24,,13668,3,4,,1,64,,13669,3,4,,1,24,,13670,3,4,,1,64,,13671,3,4,,1,24,,13672,3,4,,1,24,,13673,3,4,,1,64,,13674,3,4,,1,24,,13675,3,4,,1,64,,13676,3,4,,1,24,,13677,3,4,,1,24,,13678,3,4,,1,64,,13679,3,4,,1,24,,13680,3,4,,1,64,,13681,3,4,,1,24,,13682,3,4,,1,24,,13683,3,4,,1,64,,13684,3,4,,1,24,,13685,3,4,,1,64,,13686,3,4,,1,24,,13687,3,4,,1,24,,13688,3,4,,1,64,,13689,3,4,,1,24,,13690,3,4,,1,64,,13691,3,4,,1,24,,13692,3,4,,1,24,,13693,3,4,,1,64,,13694,3,4,,1,24,,13695,3,4,,1,64,,13696,3,4,,1,24,,13697,3,4,,1,24,,13698,3,4,,1,63,,13699,3,4,,1
400,'TRILSUN-Sunday1',739,,13700,2,4,,1,64,,13701,3,4,,1,24,,13702,3,4,,1,24,,13703,3,4,,1,64,,13704,3,4,,1,24,,13705,3,4,,1,64,,13706,3,4,,1,24,,13707,3,4,,1,24,,13708,3,4,,1,64,,13709,3,4,,1,24,,13710,3,4,,1,64,,13711,3,4,,1,24,,13712,3,4,,1,24,,13713,3,4,,1,64,,13714,3,4,,1,24,,13715,3,4,,1,64,,13716,3,4,,1,24,,13717,3,4,,1,24,,13718,3,4,,1,64,,13719,3,4,,1,24,,13720,3,4,,1,64,,13721,3,4,,1,24,,13722,3,4,,1,24,,13723,3,4,,1,64,,13724,3,4,,1,24,,13725,3,4,,1,64,,13726,3,4,,1,24,,13727,3,4,,1,24,,13728,3,4,,1,64,,13729,3,4,,1,24,,13730,3,4,,1,64,,13731,3,4,,1,24,,13732,3,4,,1,24,,13733,3,4,,1,64,,13734,3,4,,1,24,,13735,3,4,,1,64,,13736,3,4,,1,24,,13737,3,4,,1,24,,13738,3,4,,1,64,,13739,3,4,,1,40,,13740,3,4,,1
401,'TRILLTP-Weekday1',613,,13056,1,,,1,13,,13103,1,,,1,12,,13057,1,,,1,12,,13104,1,,,1,52,,13058,1,,,1,12,,13105,1,,,1,12,,13059,1,,,1,12,,13106,1,,,1,12,,13060,1,,,1,52,,13107,1,,,1,12,,13061,1,,,1,12,,13108,1,,,1,12,,13062,1,,,1,12,,13109,1,,,1,52,,13063,1,,,1,12,,13110,1,,,1,12,,13064,1,,,1,12,,13111,1,,,1,12,,13065,1,,,1,52,,13112,1,,,1,12,,13066,1,,,1,12,,13113,1,,,1,12,,13067,1,,,1,12,,13114,1,,,1,52,,13068,1,,,1,12,,13115,1,,,1,12,,13069,1,,,1,12,,13116,1,,,1,12,,13070,1,,,1,52,,13117,1,,,1,12,,13071,1,,,1,12,,13118,1,,,1,12,,13072,1,,,1,12,,13119,1,,,1,52,,13073,1,,,1,12,,13120,1,,,1,12,,13074,1,,,1,12,,13121,1,,,1,12,,13075,1,,,1,52,,13122,1,,,1,12,,13076,1,,,1,12,,13123,1,,,1,12,,13077,1,,,1,12,,13124,1,,,1,52,,13078,1,,,1,12,,13125,1,,,1,12,,13079,1,,,1,12,,13126,1,,,1,12,,13080,1,,,1,52,,13127,1,,,1,12,,13081,1,,,1,12,,13128,1,,,1,12,,13082,1,,,1,12,,13129,1,,,1,52,,13083,1,,,1,12,,13130,1,,,1,12,,13084,1,,,1,12,,13131,1,,,1,12,,13085,1,,,1,52,,13132,1,,,1,12,,13086,1,,,1,12,,13133,1,,,1,12,,13087,1,,,1,12,,13134,1,,,1,52,,13088,1,,,1,12,,13135,1,,,1,12,,13089,1,,,1,12,,13136,1,,,1,12,,13090,1,,,1,52,,13137,1,,,1,12,,13091,1,,,1,12,,13138,1,,,1,12,,13092,1,,,1,12,,13139,1,,,1,52,,13093,1,,,1,12,,13140,1,,,1,12,,13094,1,,,1,12,,13141,1,,,1,12,,13095,1,,,1,52,,13142,1,,,1,12,,13096,1,,,1,12,,13143,1,,,1,12,,13097,1,,,1,12,,13144,1,,,1,52,,13098,1,,,1,12,,13145,1,,,1,12,,13099,1,,,1,12,,13146,1,,,1,12,,13100,1,,,1,52,,13147,1,,,1,10,,13101,1,,,1
401,'TRILSAT-Saturday1',649,,13741,1,,,1,65,,13742,1,,,1,24,,13743,1,,,1,64,,13744,1,,,1,24,,13745,1,,,1,24,,13746,1,,,1,64,,13747,1,,,1,24,,13748,1,,,1,64,,13749,1,,,1,24,,13750,1,,,1,24,,13751,1,,,1,64,,13752,1,,,1,24,,13753,1,,,1,64,,13754,1,,,1,24,,13755,1,,,1,24,,13756,1,,,1,64,,13757,1,,,1,24,,13758,1,,,1,64,,13759,1,,,1,24,,13760,1,,,1,24,,13761,1,,,1,64,,13762,1,,,1,24,,13763,1,,,1,64,,13764,1,,,1,24,,13765,1,,,1,24,,13766,1,,,1,64,,13767,1,,,1,24,,13768,1,,,1,64,,13769,1,,,1,24,,13770,1,,,1,24,,13771,1,,,1,64,,13772,1,,,1,24,,13773,1,,,1,64,,13774,1,,,1,24,,13775,1,,,1,24,,13776,1,,,1,64,,13777,1,,,1,24,,13778,1,,,1,64,,13779,1,,,1,24,,13780,1,,,1,24,,13781,1,,,1,64,,13782,1,,,1,24,,13783,1,,,1,64,,13784,1,,,1
401,'TRILSUN-Sunday1',743,,13785,1,,,1,65,,13786,1,,,1,24,,13787,1,,,1,24,,13788,1,,,1,64,,13789,1,,,1,24,,13790,1,,,1,64,,13791,1,,,1,24,,13792,1,,,1,24,,13793,1,,,1,64,,13794,1,,,1,24,,13795,1,,,1,64,,13796,1,,,1,24,,13797,1,,,1,24,,13798,1,,,1,64,,13799,1,,,1,24,,13800,1,,,1,64,,13801,1,,,1,24,,13802,1,,,1,24,,13803,1,,,1,64,,13804,1,,,1,24,,13805,1,,,1,64,,13806,1,,,1,24,,13807,1,,,1,24,,13808,1,,,1,64,,13809,1,,,1,24,,13810,1,,,1,64,,13811,1,,,1,24,,13812,1,,,1,24,,13813,1,,,1,64,,13814,1,,,1,24,,13815,1,,,1,64,,13816,1,,,1,24,,13817,1,,,1,24,,13818,1,,,1,64,,13819,1,,,1,24,,13820,1,,,1,64,,13821,1,,,1,24,,13822,1,,,1,24,,13823,1,,,1,64,,13824,1,,,1
