100,'CFDFri-Weekday-03',504,,1,3,,,1,8,,6,3,,,1,7,,67,3,,,1,11,,72,3,,,1,8,,46,3,,,1,10,,25,3,,,1,9,,21,3,,,1,48,,2,3,,,1,8,,7,3,,,1,6,,68,3,,,1,6,,93,3,,,1,6,,73,3,,,1,4,,109,3,,,1,4,,47,3,,,1,3,,112,3,,,1,4,,106,3,,,1,5,,26,3,,,1,3,,155,3,,,1,5,,22,3,,,1,43,,124,3,,,1,5,,3,3,,,1,3,,136,3,,,1,4,,8,3,,,1,4,,69,3,,,1,4,,167,3,,,1,5,,94,3,,,1,4,,74,3,,,1,4,,110,3,,,1,4,,48,3,,,1,4,,113,3,,,1,4,,107,3,,,1,4,,27,3,,,1,4,,156,3,,,1,4,,23,3,,,1,44,,125,3,,,1,4,,4,3,,,1,4,,137,3,,,1,4,,9,3,,,1,4,,70,3,,,1,4,,168,3,,,1,4,,95,3,,,1,4,,75,3,,,1,4,,111,3,,,1,4,,49,3,,,1,3,,114,3,,,1,5,,108,3,,,1,4,,28,3,,,1,3,,157,3,,,1,5,,24,3,,,1,43,,126,3,,,1,5,,5,3,,,1,3,,138,3,,,1,4,,10,3,,,1,4,,71,3,,,1,4,,169,3,,,1,6,,96,3,,,1,6,,76,3,,,1,7,,50,3,,,1,5,,115,3,,,1,7,,29,3,,,1,5,,158,3,,,1,46,,127,3,,,1,6,,139,3,,,1,7,,11,3,,,1,5,,170,3,,,1,7,,97,3,,,1,6,,77,3,,,1,6,,51,3,,,1,6,,116,3,,,1,6,,30,3,,,1,6,,159,3,,,1,46,,128,3,,,1,6,,140,3,,,1,6,,12,3,,,1,6,,171,3,,,1,6,,98,3,,,1,6,,78,3,,,1,6,,52,3,,,1,6,,117,3,,,1,6,,31,3,,,1,6,,160,3,,,1,46,,129,3,,,1,6,,141,3,,,1,6,,13,3,,,1,6,,172,3,,,1,6,,99,3,,,1,6,,79,3,,,1,6,,53,3,,,1,6,,118,3,,,1,6,,32,3,,,1,6,,161,3,,,1,46,,130,3,,,1,6,,142,3,,,1,6,,14,3,,,1,6,,173,3,,,1,6,,100,3,,,1,6,,80,3,,,1,6,,54,3,,,1,6,,119,3,,,1,6,,33,3,,,1,6,,162,3,,,1,46,,131,3,,,1,6,,143,3,,,1,6,,15,3,,,1,6,,174,3,,,1,6,,101,3,,,1,5,,81,3,,,1,4,,179,3,,,1,5,,55,3,,,1,4,,120,3,,,1,3,,183,3,,,1,5,,34,3,,,1,4,,163,3,,,1,43,,199,3,,,1,5,,132,3,,,1,4,,144,3,,,1,3,,195,3,,,1,5,,16,3,,,1,4,,175,3,,,1,3,,211,3,,,1,5,,102,3,,,1,4,,82,3,,,1,3,,180,3,,,1,5,,56,3,,,1,4,,121,3,,,1,3,,184,3,,,1,5,,35,3,,,1,4,,164,3,,,1,43,,200,3,,,1,5,,133,3,,,1,4,,145,3,,,1,3,,196,3,,,1,5,,17,3,,,1,4,,176,3,,,1,3,,212,3,,,1,5,,103,3,,,1,4,,83,3,,,1,4,,181,3,,,1,4,,57,3,,,1,4,,122,3,,,1,4,,185,3,,,1,4,,36,3,,,1,4,,165,3,,,1,44,,201,3,,,1,4,,134,3,,,1,4,,146,3,,,1,4,,197,3,,,1,4,,18,3,,,1,4,,177,3,,,1,4,,213,3,,,1,4,,104,3,,,1,4,,84,3,,,1,4,,182,3,,,1,4,,58,3,,,1,4,,123,3,,,1,4,,186,3,,,1,4,,37,3,,,1,4,,166,3,,,1,44,,202,3,,,1,4,,135,3,,,1,5,,147,3,,,1,3,,198,3,,,1,4,,19,3,,,1,4,,178,3,,,1,4,,214,3,,,1,4,,105,3,,,1,5,,85,3,,,1,7,,59,3,,,1,8,,187,3,,,1,7,,38,3,,,1,47,,203,3,,,1,8,,148,3,,,1,7,,20,3,,,1,7,,215,3,,,1,8,,86,3,,,1,9,,60,3,,,1,8,,188,3,,,1,49,,39,3,,,1,8,,204,3,,,1,9,,149,3,,,1,9,,216,3,,,1,8,,87,3,,,1,8,,61,3,,,1,9,,189,3,,,1,48,,40,3,,,1,9,,205,3,,,1,8,,150,3,,,1,9,,217,3,,,1,9,,88,3,,,1,8,,62,3,,,1,8,,190,3,,,1,49,,41,3,,,1,8,,206,3,,,1,9,,151,3,,,1,9,,218,3,,,1,8,,89,3,,,1,9,,63,3,,,1,8,,191,3,,,1,8,,42,3,,,1,49,,207,3,,,1,8,,152,3,,,1,9,,219,3,,,1,8,,90,3,,,1,9,,64,3,,,1,8,,192,3,,,1,9,,43,3,,,1,48,,208,3,,,1,9,,153,3,,,1,8,,220,3,,,1,9,,91,3,,,1,8,,65,3,,,1,9,,193,3,,,1,8,,44,3,,,1,49,,209,3,,,1,8,,154,3,,,1,9,,221,3,,,1,8,,92,3,,,1,9,,66,3,,,1,8,,194,3,,,1,9,,45,3,,,1,48,,210,3,,,1
100,'CFDMTh-Weekday-03',504,,222,3,,,1,8,,227,3,,,1,7,,282,3,,,1,11,,287,3,,,1,8,,264,3,,,1,10,,246,3,,,1,9,,242,3,,,1,48,,223,3,,,1,8,,228,3,,,1,6,,283,3,,,1,6,,307,3,,,1,6,,288,3,,,1,4,,323,3,,,1,4,,265,3,,,1,3,,326,3,,,1,4,,320,3,,,1,5,,247,3,,,1,3,,367,3,,,1,5,,243,3,,,1,43,,338,3,,,1,5,,224,3,,,1,3,,350,3,,,1,4,,229,3,,,1,4,,284,3,,,1,4,,379,3,,,1,5,,308,3,,,1,4,,289,3,,,1,4,,324,3,,,1,4,,266,3,,,1,4,,327,3,,,1,4,,321,3,,,1,4,,248,3,,,1,4,,368,3,,,1,4,,244,3,,,1,44,,339,3,,,1,4,,225,3,,,1,4,,351,3,,,1,4,,230,3,,,1,4,,285,3,,,1,4,,380,3,,,1,4,,309,3,,,1,4,,290,3,,,1,4,,325,3,,,1,4,,267,3,,,1,3,,328,3,,,1,5,,322,3,,,1,4,,249,3,,,1,3,,369,3,,,1,5,,245,3,,,1,43,,340,3,,,1,5,,226,3,,,1,3,,352,3,,,1,4,,231,3,,,1,4,,286,3,,,1,4,,381,3,,,1,6,,310,3,,,1,6,,291,3,,,1,7,,268,3,,,1,5,,329,3,,,1,7,,250,3,,,1,5,,370,3,,,1,46,,341,3,,,1,6,,353,3,,,1,7,,232,3,,,1,5,,382,3,,,1,7,,311,3,,,1,6,,292,3,,,1,6,,269,3,,,1,6,,330,3,,,1,6,,251,3,,,1,6,,371,3,,,1,46,,342,3,,,1,6,,354,3,,,1,6,,233,3,,,1,6,,383,3,,,1,6,,312,3,,,1,6,,293,3,,,1,6,,270,3,,,1,6,,331,3,,,1,6,,252,3,,,1,6,,372,3,,,1,46,,343,3,,,1,6,,355,3,,,1,6,,234,3,,,1,6,,384,3,,,1,6,,313,3,,,1,6,,294,3,,,1,6,,271,3,,,1,6,,332,3,,,1,6,,253,3,,,1,6,,373,3,,,1,46,,344,3,,,1,6,,356,3,,,1,6,,235,3,,,1,6,,385,3,,,1,6,,314,3,,,1,6,,295,3,,,1,6,,272,3,,,1,6,,333,3,,,1,6,,254,3,,,1,6,,374,3,,,1,46,,345,3,,,1,6,,357,3,,,1,6,,236,3,,,1,6,,386,3,,,1,6,,315,3,,,1,5,,296,3,,,1,4,,391,3,,,1,5,,273,3,,,1,4,,334,3,,,1,3,,395,3,,,1,5,,255,3,,,1,4,,375,3,,,1,43,,410,3,,,1,5,,346,3,,,1,4,,358,3,,,1,3,,406,3,,,1,5,,237,3,,,1,4,,387,3,,,1,3,,421,3,,,1,5,,316,3,,,1,4,,297,3,,,1,3,,392,3,,,1,5,,274,3,,,1,4,,335,3,,,1,3,,396,3,,,1,5,,256,3,,,1,4,,376,3,,,1,43,,411,3,,,1,5,,347,3,,,1,4,,359,3,,,1,3,,407,3,,,1,5,,238,3,,,1,4,,388,3,,,1,3,,422,3,,,1,5,,317,3,,,1,4,,298,3,,,1,4,,393,3,,,1,4,,275,3,,,1,4,,336,3,,,1,4,,397,3,,,1,4,,257,3,,,1,4,,377,3,,,1,44,,412,3,,,1,4,,348,3,,,1,4,,360,3,,,1,4,,408,3,,,1,4,,239,3,,,1,4,,389,3,,,1,4,,423,3,,,1,4,,318,3,,,1,4,,299,3,,,1,4,,394,3,,,1,4,,276,3,,,1,4,,337,3,,,1,4,,398,3,,,1,4,,258,3,,,1,4,,378,3,,,1,44,,413,3,,,1,4,,349,3,,,1,5,,361,3,,,1,3,,409,3,,,1,4,,240,3,,,1,4,,390,3,,,1,4,,424,3,,,1,4,,319,3,,,1,5,,300,3,,,1,7,,277,3,,,1,8,,399,3,,,1,7,,259,3,,,1,47,,414,3,,,1,8,,362,3,,,1,7,,241,3,,,1,7,,425,3,,,1,8,,301,3,,,1,9,,278,3,,,1,8,,400,3,,,1,49,,260,3,,,1,8,,415,3,,,1,9,,363,3,,,1,9,,426,3,,,1,8,,302,3,,,1,8,,279,3,,,1,9,,401,3,,,1,48,,261,3,,,1,9,,416,3,,,1,8,,364,3,,,1,9,,427,3,,,1,9,,303,3,,,1,8,,280,3,,,1,8,,402,3,,,1,49,,262,3,,,1,8,,417,3,,,1,9,,365,3,,,1,9,,428,3,,,1,8,,304,3,,,1,9,,281,3,,,1,8,,403,3,,,1,49,,263,3,,,1,8,,418,3,,,1,9,,366,3,,,1,8,,429,3,,,1,13,,305,3,,,1,14,,404,3,,,1,56,,419,3,,,1,17,,430,3,,,1,13,,306,3,,,1,15,,405,3,,,1,55,,420,3,,,1
100,'CFDSA-Saturday-03',605,,431,3,,,1,8,,451,3,,,1,9,,530,3,,,1,9,,471,3,,,1,8,,491,3,,,1,9,,550,3,,,1,9,,511,3,,,1,48,,432,3,,,1,9,,452,3,,,1,9,,531,3,,,1,8,,472,3,,,1,9,,492,3,,,1,9,,551,3,,,1,8,,512,3,,,1,49,,433,3,,,1,9,,453,3,,,1,8,,532,3,,,1,9,,473,3,,,1,9,,493,3,,,1,8,,552,3,,,1,9,,513,3,,,1,49,,434,3,,,1,8,,454,3,,,1,9,,533,3,,,1,9,,474,3,,,1,8,,494,3,,,1,9,,553,3,,,1,9,,514,3,,,1,48,,435,3,,,1,9,,455,3,,,1,9,,534,3,,,1,8,,475,3,,,1,9,,495,3,,,1,9,,554,3,,,1,8,,515,3,,,1,49,,436,3,,,1,9,,456,3,,,1,8,,535,3,,,1,9,,476,3,,,1,9,,496,3,,,1,8,,555,3,,,1,49,,516,3,,,1,9,,437,3,,,1,8,,457,3,,,1,9,,536,3,,,1,9,,477,3,,,1,8,,497,3,,,1,9,,556,3,,,1,49,,517,3,,,1,8,,438,3,,,1,9,,458,3,,,1,9,,537,3,,,1,8,,478,3,,,1,9,,498,3,,,1,9,,557,3,,,1,48,,518,3,,,1,9,,439,3,,,1,9,,459,3,,,1,8,,538,3,,,1,9,,479,3,,,1,9,,499,3,,,1,8,,558,3,,,1,49,,519,3,,,1,9,,440,3,,,1,8,,460,3,,,1,9,,539,3,,,1,9,,480,3,,,1,8,,500,3,,,1,9,,559,3,,,1,49,,520,3,,,1,8,,441,3,,,1,9,,461,3,,,1,9,,540,3,,,1,8,,481,3,,,1,9,,501,3,,,1,9,,560,3,,,1,48,,521,3,,,1,9,,442,3,,,1,9,,462,3,,,1,8,,541,3,,,1,9,,482,3,,,1,9,,502,3,,,1,8,,561,3,,,1,49,,522,3,,,1,9,,443,3,,,1,8,,463,3,,,1,9,,542,3,,,1,9,,483,3,,,1,8,,503,3,,,1,9,,562,3,,,1,49,,523,3,,,1,8,,444,3,,,1,9,,464,3,,,1,9,,543,3,,,1,8,,484,3,,,1,9,,504,3,,,1,9,,563,3,,,1,48,,524,3,,,1,9,,445,3,,,1,9,,465,3,,,1,8,,544,3,,,1,9,,485,3,,,1,9,,505,3,,,1,8,,564,3,,,1,49,,525,3,,,1,9,,446,3,,,1,8,,466,3,,,1,9,,545,3,,,1,9,,486,3,,,1,8,,506,3,,,1,9,,565,3,,,1,49,,526,3,,,1,8,,447,3,,,1,9,,467,3,,,1,9,,546,3,,,1,8,,487,3,,,1,9,,507,3,,,1,9,,566,3,,,1,48,,527,3,,,1,9,,448,3,,,1,9,,468,3,,,1,8,,547,3,,,1,9,,488,3,,,1,9,,508,3,,,1,8,,567,3,,,1,49,,528,3,,,1,9,,449,3,,,1,8,,469,3,,,1,9,,548,3,,,1,9,,489,3,,,1,8,,509,3,,,1,49,,568,3,,,1,9,,529,3,,,1,8,,450,3,,,1,9,,470,3,,,1,9,,549,3,,,1,8,,490,3,,,1,9,,510,3,,,1,53,,569,3,,,1
100,'CFDSU-Sunday-03',805,,570,3,,,1,9,,585,3,,,1,9,,645,3,,,1,8,,600,3,,,1,8,,615,3,,,1,10,,660,3,,,1,9,,630,3,,,1,49,,571,3,,,1,8,,586,3,,,1,9,,646,3,,,1,9,,601,3,,,1,8,,616,3,,,1,9,,661,3,,,1,9,,631,3,,,1,48,,572,3,,,1,9,,587,3,,,1,9,,647,3,,,1,8,,602,3,,,1,9,,617,3,,,1,9,,662,3,,,1,8,,632,3,,,1,49,,573,3,,,1,9,,588,3,,,1,8,,648,3,,,1,9,,603,3,,,1,9,,618,3,,,1,8,,663,3,,,1,49,,633,3,,,1,9,,574,3,,,1,8,,589,3,,,1,9,,649,3,,,1,9,,604,3,,,1,8,,619,3,,,1,9,,664,3,,,1,49,,634,3,,,1,8,,575,3,,,1,9,,590,3,,,1,9,,650,3,,,1,8,,605,3,,,1,9,,620,3,,,1,9,,665,3,,,1,48,,635,3,,,1,9,,576,3,,,1,9,,591,3,,,1,8,,651,3,,,1,9,,606,3,,,1,9,,621,3,,,1,8,,666,3,,,1,49,,636,3,,,1,9,,577,3,,,1,8,,592,3,,,1,9,,652,3,,,1,9,,607,3,,,1,8,,622,3,,,1,9,,667,3,,,1,49,,637,3,,,1,8,,578,3,,,1,9,,593,3,,,1,9,,653,3,,,1,8,,608,3,,,1,9,,623,3,,,1,9,,668,3,,,1,48,,638,3,,,1,9,,579,3,,,1,9,,594,3,,,1,8,,654,3,,,1,9,,609,3,,,1,9,,624,3,,,1,8,,669,3,,,1,49,,639,3,,,1,9,,580,3,,,1,8,,595,3,,,1,9,,655,3,,,1,9,,610,3,,,1,8,,625,3,,,1,9,,670,3,,,1,49,,640,3,,,1,8,,581,3,,,1,9,,596,3,,,1,9,,656,3,,,1,8,,611,3,,,1,9,,626,3,,,1,9,,671,3,,,1,48,,641,3,,,1,9,,582,3,,,1,9,,597,3,,,1,8,,657,3,,,1,9,,612,3,,,1,9,,627,3,,,1,8,,672,3,,,1,49,,642,3,,,1,9,,583,3,,,1,8,,598,3,,,1,9,,658,3,,,1,9,,613,3,,,1,8,,628,3,,,1,9,,673,3,,,1,49,,643,3,,,1,8,,584,3,,,1,9,,599,3,,,1,9,,659,3,,,1,8,,614,3,,,1,9,,629,3,,,1,9,,674,3,,,1,48,,644,3,,,1
100,'CFDSU-Sunday-04',605,,782,3,,,1,15,,783,3,,,1,15,,784,3,,,1,15,,785,3,,,1,55,,781,3,,,1,15,,787,3,,,1,15,,786,3,,,1,15,,780,3,,,1,55,,675,3,,,1,9,,690,3,,,1,9,,750,3,,,1,8,,705,3,,,1,8,,720,3,,,1,10,,765,3,,,1,9,,735,3,,,1,49,,676,3,,,1,8,,691,3,,,1,9,,751,3,,,1,9,,706,3,,,1,8,,721,3,,,1,9,,766,3,,,1,9,,736,3,,,1,48,,677,3,,,1,9,,692,3,,,1,9,,752,3,,,1,8,,707,3,,,1,9,,722,3,,,1,9,,767,3,,,1,8,,737,3,,,1,49,,678,3,,,1,9,,693,3,,,1,8,,753,3,,,1,9,,708,3,,,1,9,,723,3,,,1,8,,768,3,,,1,49,,738,3,,,1,9,,679,3,,,1,8,,694,3,,,1,9,,754,3,,,1,9,,709,3,,,1,8,,724,3,,,1,9,,769,3,,,1,49,,739,3,,,1,8,,680,3,,,1,9,,695,3,,,1,9,,755,3,,,1,8,,710,3,,,1,9,,725,3,,,1,9,,770,3,,,1,48,,740,3,,,1,9,,681,3,,,1,9,,696,3,,,1,8,,756,3,,,1,9,,711,3,,,1,9,,726,3,,,1,8,,771,3,,,1,49,,741,3,,,1,9,,682,3,,,1,8,,697,3,,,1,9,,757,3,,,1,9,,712,3,,,1,8,,727,3,,,1,9,,772,3,,,1,49,,742,3,,,1,8,,683,3,,,1,9,,698,3,,,1,9,,758,3,,,1,8,,713,3,,,1,9,,728,3,,,1,9,,773,3,,,1,48,,743,3,,,1,9,,684,3,,,1,9,,699,3,,,1,8,,759,3,,,1,9,,714,3,,,1,9,,729,3,,,1,8,,774,3,,,1,49,,744,3,,,1,9,,685,3,,,1,8,,700,3,,,1,9,,760,3,,,1,9,,715,3,,,1,8,,730,3,,,1,9,,775,3,,,1,49,,745,3,,,1,8,,686,3,,,1,9,,701,3,,,1,9,,761,3,,,1,8,,716,3,,,1,9,,731,3,,,1,9,,776,3,,,1,48,,746,3,,,1,9,,687,3,,,1,9,,702,3,,,1,8,,762,3,,,1,9,,717,3,,,1,9,,732,3,,,1,8,,777,3,,,1,49,,747,3,,,1,9,,688,3,,,1,8,,703,3,,,1,9,,763,3,,,1,9,,718,3,,,1,8,,733,3,,,1,9,,778,3,,,1,49,,748,3,,,1,8,,689,3,,,1,9,,704,3,,,1,9,,764,3,,,1,8,,719,3,,,1,9,,734,3,,,1,9,,779,3,,,1,48,,749,3,,,1
101,'CFDFri-Weekday-03',524,,831,11,,,1,9,,810,11,,,1,11,,806,11,,,1,9,,788,11,,,1,49,,792,11,,,1,6,,852,11,,,1,12,,856,11,,,1,7,,832,11,,,1,7,,889,11,,,1,6,,811,11,,,1,8,,807,11,,,1,3,,905,11,,,1,5,,789,11,,,1,3,,917,11,,,1,44,,793,11,,,1,5,,853,11,,,1,3,,948,11,,,1,5,,877,11,,,1,4,,857,11,,,1,4,,892,11,,,1,4,,833,11,,,1,4,,894,11,,,1,4,,890,11,,,1,4,,812,11,,,1,4,,937,11,,,1,4,,808,11,,,1,4,,906,11,,,1,4,,790,11,,,1,44,,918,11,,,1,3,,794,11,,,1,4,,854,11,,,1,5,,949,11,,,1,4,,878,11,,,1,4,,858,11,,,1,4,,893,11,,,1,4,,834,11,,,1,4,,895,11,,,1,4,,891,11,,,1,4,,813,11,,,1,4,,938,11,,,1,4,,809,11,,,1,4,,907,11,,,1,4,,791,11,,,1,44,,919,11,,,1,4,,795,11,,,1,4,,855,11,,,1,4,,950,11,,,1,4,,879,11,,,1,4,,859,11,,,1,6,,835,11,,,1,6,,896,11,,,1,7,,814,11,,,1,5,,939,11,,,1,7,,908,11,,,1,7,,920,11,,,1,46,,796,11,,,1,6,,951,11,,,1,6,,880,11,,,1,7,,860,11,,,1,6,,836,11,,,1,6,,897,11,,,1,6,,815,11,,,1,6,,940,11,,,1,6,,909,11,,,1,6,,921,11,,,1,46,,797,11,,,1,6,,952,11,,,1,6,,881,11,,,1,6,,861,11,,,1,6,,837,11,,,1,6,,898,11,,,1,6,,816,11,,,1,6,,941,11,,,1,6,,910,11,,,1,6,,922,11,,,1,46,,798,11,,,1,6,,953,11,,,1,6,,882,11,,,1,6,,862,11,,,1,6,,838,11,,,1,6,,899,11,,,1,6,,817,11,,,1,6,,942,11,,,1,6,,911,11,,,1,6,,923,11,,,1,46,,799,11,,,1,6,,954,11,,,1,6,,883,11,,,1,6,,863,11,,,1,6,,839,11,,,1,6,,900,11,,,1,6,,818,11,,,1,6,,943,11,,,1,6,,912,11,,,1,6,,924,11,,,1,46,,800,11,,,1,6,,955,11,,,1,6,,884,11,,,1,6,,864,11,,,1,6,,840,11,,,1,6,,901,11,,,1,6,,819,11,,,1,6,,944,11,,,1,7,,913,11,,,1,5,,925,11,,,1,45,,974,11,,,1,4,,801,11,,,1,4,,956,11,,,1,4,,989,11,,,1,4,,885,11,,,1,4,,865,11,,,1,4,,960,11,,,1,4,,841,11,,,1,4,,902,11,,,1,4,,963,11,,,1,4,,820,11,,,1,4,,945,11,,,1,4,,978,11,,,1,4,,914,11,,,1,44,,926,11,,,1,4,,975,11,,,1,4,,802,11,,,1,4,,957,11,,,1,4,,990,11,,,1,4,,886,11,,,1,4,,866,11,,,1,4,,961,11,,,1,4,,842,11,,,1,4,,903,11,,,1,4,,964,11,,,1,4,,821,11,,,1,4,,946,11,,,1,4,,979,11,,,1,4,,915,11,,,1,44,,927,11,,,1,4,,976,11,,,1,4,,803,11,,,1,4,,958,11,,,1,4,,991,11,,,1,4,,887,11,,,1,4,,867,11,,,1,4,,962,11,,,1,4,,843,11,,,1,4,,904,11,,,1,4,,965,11,,,1,4,,822,11,,,1,4,,947,11,,,1,4,,980,11,,,1,4,,916,11,,,1,44,,928,11,,,1,4,,977,11,,,1,4,,804,11,,,1,4,,959,11,,,1,4,,992,11,,,1,4,,888,11,,,1,4,,868,11,,,1,8,,844,11,,,1,8,,966,11,,,1,6,,823,11,,,1,8,,981,11,,,1,48,,929,11,,,1,7,,805,11,,,1,7,,993,11,,,1,8,,869,11,,,1,8,,845,11,,,1,8,,967,11,,,1,7,,824,11,,,1,8,,982,11,,,1,51,,930,11,,,1,10,,994,11,,,1,8,,870,11,,,1,9,,846,11,,,1,8,,968,11,,,1,9,,825,11,,,1,8,,983,11,,,1,49,,931,11,,,1,8,,995,11,,,1,9,,871,11,,,1,8,,847,11,,,1,9,,969,11,,,1,8,,826,11,,,1,9,,984,11,,,1,48,,932,11,,,1,9,,996,11,,,1,8,,872,11,,,1,9,,848,11,,,1,8,,970,11,,,1,9,,827,11,,,1,8,,985,11,,,1,49,,933,11,,,1,8,,997,11,,,1,9,,873,11,,,1,8,,849,11,,,1,9,,971,11,,,1,8,,828,11,,,1,9,,986,11,,,1,48,,934,11,,,1,9,,998,11,,,1,8,,874,11,,,1,9,,850,11,,,1,8,,972,11,,,1,9,,829,11,,,1,8,,987,11,,,1,49,,935,11,,,1,8,,999,11,,,1,9,,875,11,,,1,8,,851,11,,,1,9,,973,11,,,1,8,,830,11,,,1,9,,988,11,,,1,48,,936,11,,,1,9,,1000,11,,,1,11,,876,11,,,1
101,'CFDMTh-Weekday-03',524,,1041,11,,,1,9,,1023,11,,,1,11,,1019,11,,,1,9,,1001,11,,,1,49,,1005,11,,,1,6,,1059,11,,,1,12,,1063,11,,,1,7,,1042,11,,,1,7,,1095,11,,,1,6,,1024,11,,,1,8,,1020,11,,,1,3,,1111,11,,,1,5,,1002,11,,,1,3,,1123,11,,,1,44,,1006,11,,,1,5,,1060,11,,,1,3,,1151,11,,,1,5,,1083,11,,,1,4,,1064,11,,,1,4,,1098,11,,,1,4,,1043,11,,,1,4,,1100,11,,,1,4,,1096,11,,,1,4,,1025,11,,,1,4,,1140,11,,,1,4,,1021,11,,,1,4,,1112,11,,,1,4,,1003,11,,,1,44,,1124,11,,,1,3,,1007,11,,,1,4,,1061,11,,,1,5,,1152,11,,,1,4,,1084,11,,,1,4,,1065,11,,,1,4,,1099,11,,,1,4,,1044,11,,,1,4,,1101,11,,,1,4,,1097,11,,,1,4,,1026,11,,,1,4,,1141,11,,,1,4,,1022,11,,,1,4,,1113,11,,,1,4,,1004,11,,,1,44,,1125,11,,,1,4,,1008,11,,,1,4,,1062,11,,,1,4,,1153,11,,,1,4,,1085,11,,,1,4,,1066,11,,,1,6,,1045,11,,,1,6,,1102,11,,,1,7,,1027,11,,,1,5,,1142,11,,,1,7,,1114,11,,,1,7,,1126,11,,,1,46,,1009,11,,,1,6,,1154,11,,,1,6,,1086,11,,,1,7,,1067,11,,,1,6,,1046,11,,,1,6,,1103,11,,,1,6,,1028,11,,,1,6,,1143,11,,,1,6,,1115,11,,,1,6,,1127,11,,,1,46,,1010,11,,,1,6,,1155,11,,,1,6,,1087,11,,,1,6,,1068,11,,,1,6,,1047,11,,,1,6,,1104,11,,,1,6,,1029,11,,,1,6,,1144,11,,,1,6,,1116,11,,,1,6,,1128,11,,,1,46,,1011,11,,,1,6,,1156,11,,,1,6,,1088,11,,,1,6,,1069,11,,,1,6,,1048,11,,,1,6,,1105,11,,,1,6,,1030,11,,,1,6,,1145,11,,,1,6,,1117,11,,,1,6,,1129,11,,,1,46,,1012,11,,,1,6,,1157,11,,,1,6,,1089,11,,,1,6,,1070,11,,,1,6,,1049,11,,,1,6,,1106,11,,,1,6,,1031,11,,,1,6,,1146,11,,,1,6,,1118,11,,,1,6,,1130,11,,,1,46,,1013,11,,,1,6,,1158,11,,,1,6,,1090,11,,,1,6,,1071,11,,,1,6,,1050,11,,,1,6,,1107,11,,,1,6,,1032,11,,,1,6,,1147,11,,,1,7,,1119,11,,,1,5,,1131,11,,,1,45,,1176,11,,,1,4,,1014,11,,,1,4,,1159,11,,,1,4,,1190,11,,,1,4,,1091,11,,,1,4,,1072,11,,,1,4,,1163,11,,,1,4,,1051,11,,,1,4,,1108,11,,,1,4,,1166,11,,,1,4,,1033,11,,,1,4,,1148,11,,,1,4,,1180,11,,,1,4,,1120,11,,,1,44,,1132,11,,,1,4,,1177,11,,,1,4,,1015,11,,,1,4,,1160,11,,,1,4,,1191,11,,,1,4,,1092,11,,,1,4,,1073,11,,,1,4,,1164,11,,,1,4,,1052,11,,,1,4,,1109,11,,,1,4,,1167,11,,,1,4,,1034,11,,,1,4,,1149,11,,,1,4,,1181,11,,,1,4,,1121,11,,,1,44,,1133,11,,,1,4,,1178,11,,,1,4,,1016,11,,,1,4,,1161,11,,,1,4,,1192,11,,,1,4,,1093,11,,,1,4,,1074,11,,,1,4,,1165,11,,,1,4,,1053,11,,,1,4,,1110,11,,,1,4,,1168,11,,,1,4,,1035,11,,,1,4,,1150,11,,,1,4,,1182,11,,,1,4,,1122,11,,,1,44,,1134,11,,,1,4,,1179,11,,,1,4,,1017,11,,,1,4,,1162,11,,,1,4,,1193,11,,,1,4,,1094,11,,,1,4,,1075,11,,,1,8,,1054,11,,,1,8,,1169,11,,,1,6,,1036,11,,,1,8,,1183,11,,,1,48,,1135,11,,,1,7,,1018,11,,,1,7,,1194,11,,,1,8,,1076,11,,,1,8,,1055,11,,,1,8,,1170,11,,,1,7,,1037,11,,,1,8,,1184,11,,,1,51,,1136,11,,,1,10,,1195,11,,,1,8,,1077,11,,,1,9,,1056,11,,,1,8,,1171,11,,,1,9,,1038,11,,,1,8,,1185,11,,,1,49,,1137,11,,,1,8,,1196,11,,,1,9,,1078,11,,,1,8,,1057,11,,,1,9,,1172,11,,,1,8,,1039,11,,,1,9,,1186,11,,,1,48,,1138,11,,,1,9,,1197,11,,,1,8,,1079,11,,,1,9,,1058,11,,,1,8,,1173,11,,,1,9,,1040,11,,,1,8,,1187,11,,,1,49,,1139,11,,,1,9,,1198,11,,,1,8,,1080,11,,,1,17,,1174,11,,,1,17,,1188,11,,,1,57,,1199,11,,,1,13,,1081,11,,,1,15,,1175,11,,,1,15,,1189,11,,,1,57,,1200,11,,,1,12,,1082,11,,,1
101,'CFDSA-Saturday-03',628,,1260,11,,,1,8,,1320,11,,,1,9,,1280,11,,,1,9,,1201,11,,,1,48,,1221,11,,,1,9,,1300,11,,,1,9,,1241,11,,,1,8,,1261,11,,,1,9,,1321,11,,,1,9,,1281,11,,,1,8,,1202,11,,,1,49,,1222,11,,,1,9,,1301,11,,,1,8,,1242,11,,,1,9,,1262,11,,,1,9,,1322,11,,,1,8,,1282,11,,,1,9,,1203,11,,,1,49,,1223,11,,,1,8,,1302,11,,,1,9,,1243,11,,,1,8,,1263,11,,,1,8,,1323,11,,,1,9,,1283,11,,,1,9,,1204,11,,,1,48,,1224,11,,,1,9,,1303,11,,,1,9,,1244,11,,,1,8,,1264,11,,,1,9,,1324,11,,,1,9,,1284,11,,,1,8,,1205,11,,,1,49,,1225,11,,,1,9,,1304,11,,,1,8,,1245,11,,,1,9,,1265,11,,,1,9,,1325,11,,,1,8,,1285,11,,,1,9,,1206,11,,,1,49,,1226,11,,,1,8,,1305,11,,,1,9,,1246,11,,,1,9,,1266,11,,,1,8,,1326,11,,,1,9,,1286,11,,,1,9,,1207,11,,,1,48,,1227,11,,,1,9,,1306,11,,,1,9,,1247,11,,,1,8,,1267,11,,,1,9,,1327,11,,,1,9,,1287,11,,,1,8,,1208,11,,,1,49,,1228,11,,,1,9,,1307,11,,,1,8,,1248,11,,,1,9,,1268,11,,,1,9,,1328,11,,,1,8,,1288,11,,,1,10,,1209,11,,,1,49,,1229,11,,,1,8,,1308,11,,,1,9,,1249,11,,,1,9,,1269,11,,,1,8,,1329,11,,,1,9,,1289,11,,,1,49,,1210,11,,,1,8,,1230,11,,,1,9,,1309,11,,,1,9,,1250,11,,,1,8,,1270,11,,,1,9,,1330,11,,,1,9,,1290,11,,,1,48,,1211,11,,,1,9,,1231,11,,,1,9,,1310,11,,,1,8,,1251,11,,,1,9,,1271,11,,,1,9,,1331,11,,,1,8,,1291,11,,,1,49,,1212,11,,,1,9,,1232,11,,,1,8,,1311,11,,,1,9,,1252,11,,,1,9,,1272,11,,,1,8,,1332,11,,,1,9,,1292,11,,,1,49,,1213,11,,,1,8,,1233,11,,,1,9,,1312,11,,,1,9,,1253,11,,,1,8,,1273,11,,,1,9,,1333,11,,,1,9,,1293,11,,,1,48,,1214,11,,,1,9,,1234,11,,,1,9,,1313,11,,,1,8,,1254,11,,,1,9,,1274,11,,,1,9,,1334,11,,,1,8,,1294,11,,,1,49,,1215,11,,,1,9,,1235,11,,,1,8,,1314,11,,,1,9,,1255,11,,,1,9,,1275,11,,,1,8,,1335,11,,,1,9,,1295,11,,,1,49,,1216,11,,,1,8,,1236,11,,,1,9,,1315,11,,,1,9,,1256,11,,,1,8,,1276,11,,,1,9,,1336,11,,,1,9,,1296,11,,,1,48,,1217,11,,,1,9,,1237,11,,,1,9,,1316,11,,,1,8,,1257,11,,,1,9,,1277,11,,,1,9,,1337,11,,,1,8,,1297,11,,,1,49,,1218,11,,,1,9,,1238,11,,,1,8,,1317,11,,,1,9,,1258,11,,,1,9,,1278,11,,,1,8,,1338,11,,,1,9,,1298,11,,,1,49,,1219,11,,,1,8,,1239,11,,,1,9,,1318,11,,,1,9,,1259,11,,,1,8,,1279,11,,,1,9,,1339,11,,,1,9,,1299,11,,,1,48,,1220,11,,,1,9,,1240,11,,,1,9,,1319,11,,,1
101,'CFDSU-Sunday-03',826,,1384,11,,,1,10,,1429,11,,,1,10,,1399,11,,,1,9,,1340,11,,,1,49,,1355,11,,,1,8,,1414,11,,,1,9,,1370,11,,,1,8,,1385,11,,,1,8,,1430,11,,,1,9,,1400,11,,,1,9,,1341,11,,,1,48,,1356,11,,,1,9,,1415,11,,,1,9,,1371,11,,,1,8,,1386,11,,,1,9,,1431,11,,,1,9,,1401,11,,,1,8,,1342,11,,,1,49,,1357,11,,,1,9,,1416,11,,,1,8,,1372,11,,,1,9,,1387,11,,,1,9,,1432,11,,,1,8,,1402,11,,,1,9,,1343,11,,,1,49,,1358,11,,,1,8,,1417,11,,,1,9,,1373,11,,,1,9,,1388,11,,,1,8,,1433,11,,,1,9,,1403,11,,,1,9,,1344,11,,,1,48,,1359,11,,,1,9,,1418,11,,,1,9,,1374,11,,,1,8,,1389,11,,,1,9,,1434,11,,,1,9,,1404,11,,,1,8,,1345,11,,,1,49,,1360,11,,,1,9,,1419,11,,,1,8,,1375,11,,,1,9,,1390,11,,,1,9,,1435,11,,,1,8,,1405,11,,,1,10,,1346,11,,,1,49,,1361,11,,,1,8,,1420,11,,,1,9,,1376,11,,,1,9,,1391,11,,,1,8,,1436,11,,,1,9,,1406,11,,,1,49,,1347,11,,,1,8,,1362,11,,,1,9,,1421,11,,,1,9,,1377,11,,,1,8,,1392,11,,,1,9,,1437,11,,,1,9,,1407,11,,,1,48,,1348,11,,,1,9,,1363,11,,,1,9,,1422,11,,,1,8,,1378,11,,,1,9,,1393,11,,,1,9,,1438,11,,,1,8,,1408,11,,,1,49,,1349,11,,,1,9,,1364,11,,,1,8,,1423,11,,,1,9,,1379,11,,,1,9,,1394,11,,,1,8,,1439,11,,,1,9,,1409,11,,,1,49,,1350,11,,,1,8,,1365,11,,,1,9,,1424,11,,,1,9,,1380,11,,,1,8,,1395,11,,,1,9,,1440,11,,,1,9,,1410,11,,,1,48,,1351,11,,,1,9,,1366,11,,,1,9,,1425,11,,,1,8,,1381,11,,,1,9,,1396,11,,,1,9,,1441,11,,,1,8,,1411,11,,,1,49,,1352,11,,,1,9,,1367,11,,,1,8,,1426,11,,,1,9,,1382,11,,,1,9,,1397,11,,,1,8,,1442,11,,,1,9,,1412,11,,,1,49,,1353,11,,,1,8,,1368,11,,,1,9,,1427,11,,,1,9,,1383,11,,,1,8,,1398,11,,,1,9,,1443,11,,,1,9,,1413,11,,,1,48,,1354,11,,,1,9,,1369,11,,,1,11,,1428,11,,,1
101,'CFDSU-Sunday-04',624,,1555,11,,,1,15,,1554,11,,,1,15,,1553,11,,,1,55,,1551,11,,,1,15,,1552,11,,,1,15,,1548,11,,,1,15,,1550,11,,,1,55,,1549,11,,,1,17,,1488,11,,,1,10,,1533,11,,,1,10,,1503,11,,,1,9,,1444,11,,,1,49,,1459,11,,,1,8,,1518,11,,,1,9,,1474,11,,,1,8,,1489,11,,,1,8,,1534,11,,,1,9,,1504,11,,,1,9,,1445,11,,,1,48,,1460,11,,,1,9,,1519,11,,,1,9,,1475,11,,,1,8,,1490,11,,,1,9,,1535,11,,,1,9,,1505,11,,,1,8,,1446,11,,,1,49,,1461,11,,,1,9,,1520,11,,,1,8,,1476,11,,,1,9,,1491,11,,,1,9,,1536,11,,,1,8,,1506,11,,,1,9,,1447,11,,,1,49,,1462,11,,,1,8,,1521,11,,,1,9,,1477,11,,,1,9,,1492,11,,,1,8,,1537,11,,,1,9,,1507,11,,,1,9,,1448,11,,,1,48,,1463,11,,,1,9,,1522,11,,,1,9,,1478,11,,,1,8,,1493,11,,,1,9,,1538,11,,,1,9,,1508,11,,,1,8,,1449,11,,,1,49,,1464,11,,,1,9,,1523,11,,,1,8,,1479,11,,,1,9,,1494,11,,,1,9,,1539,11,,,1,8,,1509,11,,,1,10,,1450,11,,,1,49,,1465,11,,,1,8,,1524,11,,,1,9,,1480,11,,,1,9,,1495,11,,,1,8,,1540,11,,,1,9,,1510,11,,,1,49,,1451,11,,,1,8,,1466,11,,,1,9,,1525,11,,,1,9,,1481,11,,,1,8,,1496,11,,,1,9,,1541,11,,,1,9,,1511,11,,,1,48,,1452,11,,,1,9,,1467,11,,,1,9,,1526,11,,,1,8,,1482,11,,,1,9,,1497,11,,,1,9,,1542,11,,,1,8,,1512,11,,,1,49,,1453,11,,,1,9,,1468,11,,,1,8,,1527,11,,,1,9,,1483,11,,,1,9,,1498,11,,,1,8,,1543,11,,,1,9,,1513,11,,,1,49,,1454,11,,,1,8,,1469,11,,,1,9,,1528,11,,,1,9,,1484,11,,,1,8,,1499,11,,,1,9,,1544,11,,,1,9,,1514,11,,,1,48,,1455,11,,,1,9,,1470,11,,,1,9,,1529,11,,,1,8,,1485,11,,,1,9,,1500,11,,,1,9,,1545,11,,,1,8,,1515,11,,,1,49,,1456,11,,,1,9,,1471,11,,,1,8,,1530,11,,,1,9,,1486,11,,,1,9,,1501,11,,,1,8,,1546,11,,,1,9,,1516,11,,,1,49,,1457,11,,,1,8,,1472,11,,,1,9,,1531,11,,,1,9,,1487,11,,,1,8,,1502,11,,,1,9,,1547,11,,,1,9,,1517,11,,,1,48,,1458,11,,,1,9,,1473,11,,,1,11,,1532,11,,,1
