200,'TRILLTP-Weekday-01',602,,1556,1,,,1,13,,1582,2,,,1,0,,1647,4,,,1,13,,1595,4,,,1,12,,1621,4,,,1,12,,1570,4,,,1,52,,1608,4,,,1,12,,1635,4,,,1,12,,1557,4,,,1,12,,1583,4,,,1,12,,1596,4,,,1,52,,1622,4,,,1,12,,1571,4,,,1,12,,1609,4,,,1,12,,1636,4,,,1,12,,1558,4,,,1,52,,1584,4,,,1,12,,1597,4,,,1,12,,1623,4,,,1,12,,1572,4,,,1,12,,1610,4,,,1,52,,1637,4,,,1,12,,1559,4,,,1,12,,1585,4,,,1,12,,1598,4,,,1,12,,1624,4,,,1,52,,1573,4,,,1,12,,1611,4,,,1,12,,1638,4,,,1,12,,1560,4,,,1,12,,1586,4,,,1,52,,1599,4,,,1,12,,1625,4,,,1,12,,1574,4,,,1,12,,1612,4,,,1,12,,1639,4,,,1,52,,1561,4,,,1,12,,1587,4,,,1,12,,1600,4,,,1,12,,1626,4,,,1,12,,1575,4,,,1,52,,1613,4,,,1,12,,1640,4,,,1,12,,1562,4,,,1,12,,1588,4,,,1,12,,1601,4,,,1,52,,1627,4,,,1,12,,1576,4,,,1,12,,1614,4,,,1,12,,1641,4,,,1,12,,1563,4,,,1,52,,1589,4,,,1,12,,1602,4,,,1,12,,1628,4,,,1,12,,1577,4,,,1,12,,1615,4,,,1,52,,1642,4,,,1,12,,1564,4,,,1,12,,1590,4,,,1,12,,1603,4,,,1,12,,1629,4,,,1,52,,1578,4,,,1,12,,1616,4,,,1,12,,1643,4,,,1,12,,1565,4,,,1,12,,1591,4,,,1,52,,1604,4,,,1,12,,1630,4,,,1,12,,1579,4,,,1,12,,1617,4,,,1,12,,1644,4,,,1,52,,1566,4,,,1,12,,1592,4,,,1,12,,1605,4,,,1,12,,1631,4,,,1,12,,1580,4,,,1,52,,1618,4,,,1,12,,1645,4,,,1,12,,1567,4,,,1,12,,1593,4,,,1,12,,1606,4,,,1,52,,1632,4,,,1,12,,1581,4,,,1,12,,1619,4,,,1,12,,1646,4,,,1,12,,1568,4,,,1,52,,1594,4,,,1,12,,1607,4,,,1,12,,1633,4,,,1,24,,1620,4,,,1,62,,1569,4,,,1
200,'TRILSAT-Saturday-02',638,,1649,1,,,1,12,,1674,2,,,1,53,,1687,3,,,1,12,,1712,4,,,1,12,,1662,4,,,1,12,,1700,4,,,1,12,,1726,4,,,1,52,,1650,4,,,1,12,,1675,4,,,1,12,,1688,4,,,1,12,,1713,4,,,1,12,,1663,4,,,1,52,,1701,4,,,1,12,,1727,4,,,1,12,,1651,4,,,1,12,,1676,4,,,1,12,,1689,4,,,1,52,,1714,4,,,1,12,,1664,4,,,1,12,,1702,4,,,1,12,,1728,4,,,1,12,,1652,4,,,1,52,,1677,4,,,1,12,,1690,4,,,1,12,,1715,4,,,1,12,,1665,4,,,1,12,,1703,4,,,1,52,,1729,4,,,1,12,,1653,4,,,1,12,,1678,4,,,1,12,,1691,4,,,1,12,,1716,4,,,1,52,,1666,4,,,1,12,,1704,4,,,1,12,,1730,4,,,1,12,,1654,4,,,1,12,,1679,4,,,1,52,,1692,4,,,1,12,,1717,4,,,1,12,,1667,4,,,1,12,,1705,4,,,1,12,,1731,4,,,1,52,,1655,4,,,1,12,,1680,4,,,1,12,,1693,4,,,1,12,,1718,4,,,1,12,,1668,4,,,1,52,,1706,4,,,1,12,,1732,4,,,1,12,,1656,4,,,1,12,,1681,4,,,1,12,,1694,4,,,1,52,,1719,4,,,1,12,,1669,4,,,1,12,,1707,4,,,1,12,,1733,4,,,1,12,,1657,4,,,1,52,,1682,4,,,1,12,,1695,4,,,1,12,,1720,4,,,1,12,,1670,4,,,1,12,,1708,4,,,1,52,,1734,4,,,1,12,,1658,4,,,1,12,,1683,4,,,1,12,,1696,4,,,1,12,,1721,4,,,1,52,,1671,4,,,1,12,,1709,4,,,1,12,,1735,4,,,1,12,,1659,4,,,1,12,,1684,4,,,1,52,,1697,4,,,1,12,,1722,4,,,1,12,,1672,4,,,1,12,,1710,4,,,1,12,,1736,4,,,1,52,,1660,4,,,1,12,,1685,4,,,1,12,,1698,4,,,1,12,,1723,4,,,1,12,,1673,4,,,1,52,,1711,4,,,1,12,,1737,4,,,1,12,,1661,4,,,1,12,,1686,4,,,1,12,,1699,4,,,1,52,,1724,4,,,1
200,'TRILSUN-Sunday-02',732,,1738,1,,,1,12,,1761,2,,,1,13,,1773,3,,,1,52,,1796,4,,,1,12,,1750,4,,,1,12,,1785,4,,,1,12,,1809,4,,,1,12,,1739,4,,,1,52,,1762,4,,,1,12,,1774,4,,,1,12,,1797,4,,,1,12,,1751,4,,,1,12,,1786,4,,,1,52,,1810,4,,,1,12,,1740,4,,,1,12,,1763,4,,,1,12,,1775,4,,,1,12,,1798,4,,,1,52,,1752,4,,,1,12,,1787,4,,,1,12,,1811,4,,,1,12,,1741,4,,,1,12,,1764,4,,,1,52,,1776,4,,,1,12,,1799,4,,,1,12,,1753,4,,,1,12,,1788,4,,,1,12,,1812,4,,,1,52,,1742,4,,,1,12,,1765,4,,,1,12,,1777,4,,,1,12,,1800,4,,,1,12,,1754,4,,,1,52,,1789,4,,,1,12,,1813,4,,,1,12,,1743,4,,,1,12,,1766,4,,,1,12,,1778,4,,,1,52,,1801,4,,,1,12,,1755,4,,,1,12,,1790,4,,,1,12,,1814,4,,,1,12,,1744,4,,,1,52,,1767,4,,,1,12,,1779,4,,,1,12,,1802,4,,,1,12,,1756,4,,,1,12,,1791,4,,,1,52,,1815,4,,,1,12,,1745,4,,,1,12,,1768,4,,,1,12,,1780,4,,,1,12,,1803,4,,,1,52,,1757,4,,,1,12,,1792,4,,,1,12,,1816,4,,,1,12,,1746,4,,,1,12,,1769,4,,,1,52,,1781,4,,,1,12,,1804,4,,,1,12,,1758,4,,,1,12,,1793,4,,,1,12,,1817,4,,,1,52,,1747,4,,,1,12,,1770,4,,,1,12,,1782,4,,,1,12,,1805,4,,,1,12,,1759,4,,,1,52,,1794,4,,,1,12,,1818,4,,,1,12,,1748,4,,,1,12,,1771,4,,,1,12,,1783,4,,,1,52,,1806,4,,,1,12,,1760,4,,,1,12,,1795,4,,,1,12,,1819,4,,,1,12,,1749,4,,,1,52,,1772,4,,,1,12,,1784,4,,,1,12,,1807,4,,,1
200,'TRILSUN-Sunday-03',616,,1905,4,,,1,24,,1902,4,,,1,64,,1906,4,,,1,24,,1903,4,,,1,4,,1820,1,,,1,12,,1843,2,,,1,8,,1904,4,,,1,5,,1855,3,,,1,52,,1878,4,,,1,12,,1832,4,,,1,12,,1867,4,,,1,12,,1891,4,,,1,12,,1821,4,,,1,52,,1844,4,,,1,12,,1856,4,,,1,12,,1879,4,,,1,12,,1833,4,,,1,12,,1868,4,,,1,52,,1892,4,,,1,12,,1822,4,,,1,12,,1845,4,,,1,12,,1857,4,,,1,12,,1880,4,,,1,52,,1834,4,,,1,12,,1869,4,,,1,12,,1893,4,,,1,12,,1823,4,,,1,12,,1846,4,,,1,52,,1858,4,,,1,12,,1881,4,,,1,12,,1835,4,,,1,12,,1870,4,,,1,12,,1894,4,,,1,52,,1824,4,,,1,12,,1847,4,,,1,12,,1859,4,,,1,12,,1882,4,,,1,12,,1836,4,,,1,52,,1871,4,,,1,12,,1895,4,,,1,12,,1825,4,,,1,12,,1848,4,,,1,12,,1860,4,,,1,52,,1883,4,,,1,12,,1837,4,,,1,12,,1872,4,,,1,12,,1896,4,,,1,12,,1826,4,,,1,52,,1849,4,,,1,12,,1861,4,,,1,12,,1884,4,,,1,12,,1838,4,,,1,12,,1873,4,,,1,52,,1897,4,,,1,12,,1827,4,,,1,12,,1850,4,,,1,12,,1862,4,,,1,12,,1885,4,,,1,52,,1839,4,,,1,12,,1874,4,,,1,12,,1898,4,,,1,12,,1828,4,,,1,12,,1851,4,,,1,52,,1863,4,,,1,12,,1886,4,,,1,12,,1840,4,,,1,12,,1875,4,,,1,12,,1899,4,,,1,52,,1829,4,,,1,12,,1852,4,,,1,12,,1864,4,,,1,12,,1887,4,,,1,12,,1841,4,,,1,52,,1876,4,,,1,12,,1900,4,,,1,12,,1830,4,,,1,12,,1853,4,,,1,12,,1865,4,,,1,52,,1888,4,,,1,12,,1842,4,,,1,12,,1877,4,,,1,12,,1901,4,,,1,12,,1831,4,,,1,52,,1854,4,,,1,12,,1866,4,,,1,12,,1889,4,,,1
201,'TRILLTP-Weekday-01',616,,1920,4,,,1,13,,1958,8,,,1,12,,1985,8,,,1,12,,1907,8,,,1,52,,1933,8,,,1,12,,1946,8,,,1,12,,1972,8,,,1,12,,1921,8,,,1,12,,1959,8,,,1,52,,1986,8,,,1,12,,1908,8,,,1,12,,1934,8,,,1,12,,1947,8,,,1,12,,1973,8,,,1,52,,1922,8,,,1,12,,1960,8,,,1,12,,1987,8,,,1,12,,1909,8,,,1,12,,1935,8,,,1,52,,1948,8,,,1,12,,1974,8,,,1,12,,1923,8,,,1,12,,1961,8,,,1,12,,1988,8,,,1,52,,1910,8,,,1,12,,1936,8,,,1,12,,1949,8,,,1,12,,1975,8,,,1,12,,1924,8,,,1,52,,1962,8,,,1,12,,1989,8,,,1,12,,1911,8,,,1,12,,1937,8,,,1,12,,1950,8,,,1,52,,1976,8,,,1,12,,1925,8,,,1,12,,1963,8,,,1,12,,1990,8,,,1,12,,1912,8,,,1,52,,1938,8,,,1,12,,1951,8,,,1,12,,1977,8,,,1,12,,1926,8,,,1,12,,1964,8,,,1,52,,1991,8,,,1,12,,1913,8,,,1,12,,1939,8,,,1,12,,1952,8,,,1,12,,1978,8,,,1,52,,1927,8,,,1,12,,1965,8,,,1,12,,1992,8,,,1,12,,1914,8,,,1,12,,1940,8,,,1,52,,1953,8,,,1,12,,1979,8,,,1,12,,1928,8,,,1,12,,1966,8,,,1,12,,1993,8,,,1,52,,1915,8,,,1,12,,1941,8,,,1,12,,1954,8,,,1,12,,1980,8,,,1,12,,1929,8,,,1,52,,1967,8,,,1,12,,1994,8,,,1,12,,1916,8,,,1,12,,1942,8,,,1,12,,1955,8,,,1,52,,1981,8,,,1,12,,1930,8,,,1,12,,1968,8,,,1,12,,1995,8,,,1,12,,1917,8,,,1,52,,1943,8,,,1,12,,1956,8,,,1,12,,1982,8,,,1,12,,1931,8,,,1,12,,1969,8,,,1,52,,1996,8,,,1,12,,1918,8,,,1,12,,1944,8,,,1,12,,1957,8,,,1,12,,1983,8,,,1,52,,1932,8,,,1,12,,1970,8,,,1,12,,1997,8,,,1,12,,1919,8,,,1,12,,1945,8,,,1,64,,1984,8,,,1
201,'TRILSAT-Saturday-02',652,,2010,4,,,1,53,,2047,7,,,1,12,,2073,8,,,1,12,,1998,8,,,1,12,,2023,8,,,1,12,,2035,8,,,1,52,,2061,8,,,1,12,,2011,8,,,1,12,,2048,8,,,1,12,,2074,8,,,1,12,,1999,8,,,1,52,,2024,8,,,1,12,,2036,8,,,1,12,,2062,8,,,1,12,,2012,8,,,1,12,,2049,8,,,1,52,,2075,8,,,1,12,,2000,8,,,1,12,,2025,8,,,1,12,,2037,8,,,1,12,,2063,8,,,1,52,,2013,8,,,1,12,,2050,8,,,1,12,,2076,8,,,1,12,,2001,8,,,1,12,,2026,8,,,1,52,,2038,8,,,1,12,,2064,8,,,1,12,,2014,8,,,1,12,,2051,8,,,1,12,,2077,8,,,1,52,,2002,8,,,1,12,,2027,8,,,1,12,,2039,8,,,1,12,,2065,8,,,1,12,,2015,8,,,1,52,,2052,8,,,1,12,,2078,8,,,1,12,,2003,8,,,1,12,,2028,8,,,1,12,,2040,8,,,1,52,,2066,8,,,1,12,,2016,8,,,1,12,,2053,8,,,1,12,,2079,8,,,1,12,,2004,8,,,1,52,,2029,8,,,1,12,,2041,8,,,1,12,,2067,8,,,1,12,,2017,8,,,1,12,,2054,8,,,1,52,,2080,8,,,1,12,,2005,8,,,1,12,,2030,8,,,1,12,,2042,8,,,1,12,,2068,8,,,1,52,,2018,8,,,1,12,,2055,8,,,1,12,,2081,8,,,1,12,,2006,8,,,1,12,,2031,8,,,1,52,,2043,8,,,1,12,,2069,8,,,1,12,,2019,8,,,1,12,,2056,8,,,1,12,,2082,8,,,1,52,,2007,8,,,1,12,,2032,8,,,1,12,,2044,8,,,1,12,,2070,8,,,1,12,,2020,8,,,1,52,,2057,8,,,1,12,,2083,8,,,1,12,,2008,8,,,1,12,,2033,8,,,1,12,,2045,8,,,1,52,,2071,8,,,1,12,,2021,8,,,1,12,,2058,8,,,1,12,,2084,8,,,1,12,,2009,8,,,1,52,,2034,8,,,1,12,,2046,8,,,1,12,,2072,8,,,1,12,,2022,8,,,1,12,,2059,8,,,1,52,,2085,8,,,1
201,'TRILSUN-Sunday-02',746,,2097,4,,,1,13,,2131,7,,,1,52,,2155,8,,,1,12,,2086,8,,,1,12,,2109,8,,,1,12,,2120,8,,,1,12,,2144,8,,,1,52,,2098,8,,,1,12,,2132,8,,,1,12,,2156,8,,,1,12,,2087,8,,,1,12,,2110,8,,,1,52,,2121,8,,,1,12,,2145,8,,,1,12,,2099,8,,,1,12,,2133,8,,,1,12,,2157,8,,,1,52,,2088,8,,,1,12,,2111,8,,,1,12,,2122,8,,,1,12,,2146,8,,,1,12,,2100,8,,,1,52,,2134,8,,,1,12,,2158,8,,,1,12,,2089,8,,,1,12,,2112,8,,,1,12,,2123,8,,,1,52,,2147,8,,,1,12,,2101,8,,,1,12,,2135,8,,,1,12,,2159,8,,,1,12,,2090,8,,,1,52,,2113,8,,,1,12,,2124,8,,,1,12,,2148,8,,,1,12,,2102,8,,,1,12,,2136,8,,,1,52,,2160,8,,,1,12,,2091,8,,,1,12,,2114,8,,,1,12,,2125,8,,,1,12,,2149,8,,,1,52,,2103,8,,,1,12,,2137,8,,,1,12,,2161,8,,,1,12,,2092,8,,,1,12,,2115,8,,,1,52,,2126,8,,,1,12,,2150,8,,,1,12,,2104,8,,,1,12,,2138,8,,,1,12,,2162,8,,,1,52,,2093,8,,,1,12,,2116,8,,,1,12,,2127,8,,,1,12,,2151,8,,,1,12,,2105,8,,,1,52,,2139,8,,,1,12,,2163,8,,,1,12,,2094,8,,,1,12,,2117,8,,,1,12,,2128,8,,,1,52,,2152,8,,,1,12,,2106,8,,,1,12,,2140,8,,,1,12,,2164,8,,,1,12,,2095,8,,,1,52,,2118,8,,,1,12,,2129,8,,,1,12,,2153,8,,,1,12,,2107,8,,,1,12,,2141,8,,,1,52,,2165,8,,,1,12,,2096,8,,,1,12,,2119,8,,,1,12,,2130,8,,,1,12,,2154,8,,,1,52,,2108,8,,,1,12,,2142,8,,,1
201,'TRILSUN-Sunday-03',622,,2249,8,,,1,24,,2247,8,,,1,64,,2248,8,,,1,24,,2246,8,,,1,12,,2177,4,,,1,12,,2250,8,,,1,1,,2211,7,,,1,52,,2235,8,,,1,12,,2166,8,,,1,12,,2189,8,,,1,12,,2200,8,,,1,12,,2224,8,,,1,52,,2178,8,,,1,12,,2212,8,,,1,12,,2236,8,,,1,12,,2167,8,,,1,12,,2190,8,,,1,52,,2201,8,,,1,12,,2225,8,,,1,12,,2179,8,,,1,12,,2213,8,,,1,12,,2237,8,,,1,52,,2168,8,,,1,12,,2191,8,,,1,12,,2202,8,,,1,12,,2226,8,,,1,12,,2180,8,,,1,52,,2214,8,,,1,12,,2238,8,,,1,12,,2169,8,,,1,12,,2192,8,,,1,12,,2203,8,,,1,52,,2227,8,,,1,12,,2181,8,,,1,12,,2215,8,,,1,12,,2239,8,,,1,12,,2170,8,,,1,52,,2193,8,,,1,12,,2204,8,,,1,12,,2228,8,,,1,12,,2182,8,,,1,12,,2216,8,,,1,52,,2240,8,,,1,12,,2171,8,,,1,12,,2194,8,,,1,12,,2205,8,,,1,12,,2229,8,,,1,52,,2183,8,,,1,12,,2217,8,,,1,12,,2241,8,,,1,12,,2172,8,,,1,12,,2195,8,,,1,52,,2206,8,,,1,12,,2230,8,,,1,12,,2184,8,,,1,12,,2218,8,,,1,12,,2242,8,,,1,52,,2173,8,,,1,12,,2196,8,,,1,12,,2207,8,,,1,12,,2231,8,,,1,12,,2185,8,,,1,52,,2219,8,,,1,12,,2243,8,,,1,12,,2174,8,,,1,12,,2197,8,,,1,12,,2208,8,,,1,52,,2232,8,,,1,12,,2186,8,,,1,12,,2220,8,,,1,12,,2244,8,,,1,12,,2175,8,,,1,52,,2198,8,,,1,12,,2209,8,,,1,12,,2233,8,,,1,12,,2187,8,,,1,12,,2221,8,,,1,52,,2245,8,,,1,12,,2176,8,,,1,12,,2199,8,,,1,12,,2210,8,,,1,12,,2234,8,,,1,52,,2188,8,,,1,12,,2222,8,,,1
400,'TRILLTP-Weekday-01',611,,2251,2,4,,1,10,,2297,3,4,,1,12,,2252,3,4,,1,12,,2298,3,4,,1,12,,2253,3,4,,1,52,,2299,3,4,,1,12,,2254,3,4,,1,12,,2300,3,4,,1,12,,2255,3,4,,1,12,,2301,3,4,,1,52,,2256,3,4,,1,12,,2302,3,4,,1,12,,2257,3,4,,1,12,,2303,3,4,,1,12,,2258,3,4,,1,52,,2304,3,4,,1,12,,2259,3,4,,1,12,,2305,3,4,,1,12,,2260,3,4,,1,12,,2306,3,4,,1,52,,2261,3,4,,1,12,,2307,3,4,,1,12,,2262,3,4,,1,12,,2308,3,4,,1,12,,2263,3,4,,1,52,,2309,3,4,,1,12,,2264,3,4,,1,12,,2310,3,4,,1,12,,2265,3,4,,1,12,,2311,3,4,,1,52,,2266,3,4,,1,12,,2312,3,4,,1,12,,2267,3,4,,1,12,,2313,3,4,,1,12,,2268,3,4,,1,52,,2314,3,4,,1,12,,2269,3,4,,1,12,,2315,3,4,,1,12,,2270,3,4,,1,12,,2316,3,4,,1,52,,2271,3,4,,1,12,,2317,3,4,,1,12,,2272,3,4,,1,12,,2318,3,4,,1,12,,2273,3,4,,1,52,,2319,3,4,,1,12,,2274,3,4,,1,12,,2320,3,4,,1,12,,2275,3,4,,1,12,,2321,3,4,,1,52,,2276,3,4,,1,12,,2322,3,4,,1,12,,2277,3,4,,1,12,,2323,3,4,,1,12,,2278,3,4,,1,52,,2324,3,4,,1,12,,2279,3,4,,1,12,,2325,3,4,,1,12,,2280,3,4,,1,12,,2326,3,4,,1,52,,2281,3,4,,1,12,,2327,3,4,,1,12,,2282,3,4,,1,12,,2328,3,4,,1,12,,2283,3,4,,1,52,,2329,3,4,,1,12,,2284,3,4,,1,12,,2330,3,4,,1,12,,2285,3,4,,1,12,,2331,3,4,,1,52,,2286,3,4,,1,12,,2332,3,4,,1,12,,2287,3,4,,1,12,,2333,3,4,,1,12,,2288,3,4,,1,52,,2334,3,4,,1,12,,2289,3,4,,1,12,,2335,3,4,,1,12,,2290,3,4,,1,12,,2336,3,4,,1,52,,2291,3,4,,1,12,,2337,3,4,,1,12,,2292,3,4,,1,12,,2338,3,4,,1,12,,2293,3,4,,1,52,,2339,3,4,,1,12,,2294,3,4,,1,12,,2340,3,4,,1,12,,2295,3,4,,1,12,,2341,3,4,,1,52,,2296,3,4,,1,14,,2342,3,4,,1
400,'TRILSAT-Saturday-02',645,,2343,2,4,,1,64,,2344,3,4,,1,24,,2345,3,4,,1,24,,2346,3,4,,1,64,,2347,3,4,,1,24,,2348,3,4,,1,64,,2349,3,4,,1,24,,2350,3,4,,1,24,,2351,3,4,,1,64,,2352,3,4,,1,24,,2353,3,4,,1,64,,2354,3,4,,1,24,,2355,3,4,,1,24,,2356,3,4,,1,64,,2357,3,4,,1,24,,2358,3,4,,1,64,,2359,3,4,,1,24,,2360,3,4,,1,24,,2361,3,4,,1,64,,2362,3,4,,1,24,,2363,3,4,,1,64,,2364,3,4,,1,24,,2365,3,4,,1,24,,2366,3,4,,1,64,,2367,3,4,,1,24,,2368,3,4,,1,64,,2369,3,4,,1,24,,2370,3,4,,1,24,,2371,3,4,,1,64,,2372,3,4,,1,24,,2373,3,4,,1,64,,2374,3,4,,1,24,,2375,3,4,,1,24,,2376,3,4,,1,64,,2377,3,4,,1,24,,2378,3,4,,1,64,,2379,3,4,,1,24,,2380,3,4,,1,24,,2381,3,4,,1,64,,2382,3,4,,1,24,,2383,3,4,,1,64,,2384,3,4,,1,24,,2385,3,4,,1,24,,2386,3,4,,1,63,,2387,3,4,,1
400,'TRILSUN-Sunday-02',739,,2388,2,4,,1,64,,2389,3,4,,1,24,,2390,3,4,,1,24,,2391,3,4,,1,64,,2392,3,4,,1,24,,2393,3,4,,1,64,,2394,3,4,,1,24,,2395,3,4,,1,24,,2396,3,4,,1,64,,2397,3,4,,1,24,,2398,3,4,,1,64,,2399,3,4,,1,24,,2400,3,4,,1,24,,2401,3,4,,1,64,,2402,3,4,,1,24,,2403,3,4,,1,64,,2404,3,4,,1,24,,2405,3,4,,1,24,,2406,3,4,,1,64,,2407,3,4,,1,24,,2408,3,4,,1,64,,2409,3,4,,1,24,,2410,3,4,,1,24,,2411,3,4,,1,64,,2412,3,4,,1,24,,2413,3,4,,1,64,,2414,3,4,,1,24,,2415,3,4,,1,24,,2416,3,4,,1,64,,2417,3,4,,1,24,,2418,3,4,,1,64,,2419,3,4,,1,24,,2420,3,4,,1,24,,2421,3,4,,1,64,,2422,3,4,,1,24,,2423,3,4,,1,64,,2424,3,4,,1,24,,2425,3,4,,1,24,,2426,3,4,,1,64,,2427,3,4,,1,40,,2428,3,4,,1
400,'TRILSUN-Sunday-03',739,,2429,2,4,,1,64,,2430,3,4,,1,24,,2431,3,4,,1,24,,2432,3,4,,1,64,,2433,3,4,,1,24,,2434,3,4,,1,64,,2435,3,4,,1,24,,2436,3,4,,1,24,,2437,3,4,,1,64,,2438,3,4,,1,24,,2439,3,4,,1,64,,2440,3,4,,1,24,,2441,3,4,,1,24,,2442,3,4,,1,64,,2443,3,4,,1,24,,2444,3,4,,1,64,,2445,3,4,,1,24,,2446,3,4,,1,24,,2447,3,4,,1,64,,2448,3,4,,1,24,,2449,3,4,,1,64,,2450,3,4,,1,24,,2451,3,4,,1,24,,2452,3,4,,1,64,,2453,3,4,,1,24,,2454,3,4,,1,64,,2455,3,4,,1,24,,2456,3,4,,1,24,,2457,3,4,,1,64,,2458,3,4,,1,24,,2459,3,4,,1,64,,2460,3,4,,1,24,,2461,3,4,,1,24,,2462,3,4,,1,64,,2463,3,4,,1,24,,2464,3,4,,1,64,,2465,3,4,,1,24,,2466,3,4,,1,24,,2467,3,4,,1,64,,2468,3,4,,1,40,,2469,3,4,,1
401,'TRILLTP-Weekday-01',613,,2470,1,,,1,13,,2517,1,,,1,12,,2471,1,,,1,12,,2518,1,,,1,52,,2472,1,,,1,12,,2519,1,,,1,12,,2473,1,,,1,12,,2520,1,,,1,12,,2474,1,,,1,52,,2521,1,,,1,12,,2475,1,,,1,12,,2522,1,,,1,12,,2476,1,,,1,12,,2523,1,,,1,52,,2477,1,,,1,12,,2524,1,,,1,12,,2478,1,,,1,12,,2525,1,,,1,12,,2479,1,,,1,52,,2526,1,,,1,12,,2480,1,,,1,12,,2527,1,,,1,12,,2481,1,,,1,12,,2528,1,,,1,52,,2482,1,,,1,12,,2529,1,,,1,12,,2483,1,,,1,12,,2530,1,,,1,12,,2484,1,,,1,52,,2531,1,,,1,12,,2485,1,,,1,12,,2532,1,,,1,12,,2486,1,,,1,12,,2533,1,,,1,52,,2487,1,,,1,12,,2534,1,,,1,12,,2488,1,,,1,12,,2535,1,,,1,12,,2489,1,,,1,52,,2536,1,,,1,12,,2490,1,,,1,12,,2537,1,,,1,12,,2491,1,,,1,12,,2538,1,,,1,52,,2492,1,,,1,12,,2539,1,,,1,12,,2493,1,,,1,12,,2540,1,,,1,12,,2494,1,,,1,52,,2541,1,,,1,12,,2495,1,,,1,12,,2542,1,,,1,12,,2496,1,,,1,12,,2543,1,,,1,52,,2497,1,,,1,12,,2544,1,,,1,12,,2498,1,,,1,12,,2545,1,,,1,12,,2499,1,,,1,52,,2546,1,,,1,12,,2500,1,,,1,12,,2547,1,,,1,12,,2501,1,,,1,12,,2548,1,,,1,52,,2502,1,,,1,12,,2549,1,,,1,12,,2503,1,,,1,12,,2550,1,,,1,12,,2504,1,,,1,52,,2551,1,,,1,12,,2505,1,,,1,12,,2552,1,,,1,12,,2506,1,,,1,12,,2553,1,,,1,52,,2507,1,,,1,12,,2554,1,,,1,12,,2508,1,,,1,12,,2555,1,,,1,12,,2509,1,,,1,52,,2556,1,,,1,12,,2510,1,,,1,12,,2557,1,,,1,12,,2511,1,,,1,12,,2558,1,,,1,52,,2512,1,,,1,12,,2559,1,,,1,12,,2513,1,,,1,12,,2560,1,,,1,12,,2514,1,,,1,52,,2561,1,,,1,10,,2515,1,,,1
401,'TRILSAT-Saturday-02',649,,2562,1,,,1,65,,2563,1,,,1,24,,2564,1,,,1,64,,2565,1,,,1,24,,2566,1,,,1,24,,2567,1,,,1,64,,2568,1,,,1,24,,2569,1,,,1,64,,2570,1,,,1,24,,2571,1,,,1,24,,2572,1,,,1,64,,2573,1,,,1,24,,2574,1,,,1,64,,2575,1,,,1,24,,2576,1,,,1,24,,2577,1,,,1,64,,2578,1,,,1,24,,2579,1,,,1,64,,2580,1,,,1,24,,2581,1,,,1,24,,2582,1,,,1,64,,2583,1,,,1,24,,2584,1,,,1,64,,2585,1,,,1,24,,2586,1,,,1,24,,2587,1,,,1,64,,2588,1,,,1,24,,2589,1,,,1,64,,2590,1,,,1,24,,2591,1,,,1,24,,2592,1,,,1,64,,2593,1,,,1,24,,2594,1,,,1,64,,2595,1,,,1,24,,2596,1,,,1,24,,2597,1,,,1,64,,2598,1,,,1,24,,2599,1,,,1,64,,2600,1,,,1,24,,2601,1,,,1,24,,2602,1,,,1,64,,2603,1,,,1,24,,2604,1,,,1,64,,2605,1,,,1
401,'TRILSUN-Sunday-02',743,,2606,1,,,1,65,,2607,1,,,1,24,,2608,1,,,1,24,,2609,1,,,1,64,,2610,1,,,1,24,,2611,1,,,1,64,,2612,1,,,1,24,,2613,1,,,1,24,,2614,1,,,1,64,,2615,1,,,1,24,,2616,1,,,1,64,,2617,1,,,1,24,,2618,1,,,1,24,,2619,1,,,1,64,,2620,1,,,1,24,,2621,1,,,1,64,,2622,1,,,1,24,,2623,1,,,1,24,,2624,1,,,1,64,,2625,1,,,1,24,,2626,1,,,1,64,,2627,1,,,1,24,,2628,1,,,1,24,,2629,1,,,1,64,,2630,1,,,1,24,,2631,1,,,1,64,,2632,1,,,1,24,,2633,1,,,1,24,,2634,1,,,1,64,,2635,1,,,1,24,,2636,1,,,1,64,,2637,1,,,1,24,,2638,1,,,1,24,,2639,1,,,1,64,,2640,1,,,1,24,,2641,1,,,1,64,,2642,1,,,1,24,,2643,1,,,1,24,,2644,1,,,1,64,,2645,1,,,1
401,'TRILSUN-Sunday-03',743,,2646,1,,,1,65,,2647,1,,,1,24,,2648,1,,,1,24,,2649,1,,,1,64,,2650,1,,,1,24,,2651,1,,,1,64,,2652,1,,,1,24,,2653,1,,,1,24,,2654,1,,,1,64,,2655,1,,,1,24,,2656,1,,,1,64,,2657,1,,,1,24,,2658,1,,,1,24,,2659,1,,,1,64,,2660,1,,,1,24,,2661,1,,,1,64,,2662,1,,,1,24,,2663,1,,,1,24,,2664,1,,,1,64,,2665,1,,,1,24,,2666,1,,,1,64,,2667,1,,,1,24,,2668,1,,,1,24,,2669,1,,,1,64,,2670,1,,,1,24,,2671,1,,,1,64,,2672,1,,,1,24,,2673,1,,,1,24,,2674,1,,,1,64,,2675,1,,,1,24,,2676,1,,,1,64,,2677,1,,,1,24,,2678,1,,,1,24,,2679,1,,,1,64,,2680,1,,,1,24,,2681,1,,,1,64,,2682,1,,,1,24,,2683,1,,,1,24,,2684,1,,,1,64,,2685,1,,,1
