100,'CFDFri-Weekday-03',502,,1,2,,,1,8,,6,2,,,1,7,,67,2,,,1,11,,72,2,,,1,8,,46,2,,,1,10,,25,2,,,1,9,,21,2,,,1,48,,2,2,,,1,8,,7,2,,,1,6,,68,2,,,1,6,,93,2,,,1,6,,73,2,,,1,4,,109,2,,,1,4,,47,2,,,1,3,,112,2,,,1,4,,106,2,,,1,5,,26,2,,,1,3,,155,2,,,1,5,,22,2,,,1,43,,124,2,,,1,5,,3,2,,,1,3,,136,2,,,1,4,,8,2,,,1,4,,69,2,,,1,4,,167,2,,,1,5,,94,2,,,1,4,,74,2,,,1,4,,110,2,,,1,4,,48,2,,,1,4,,113,2,,,1,4,,107,2,,,1,4,,27,2,,,1,4,,156,2,,,1,4,,23,2,,,1,44,,125,2,,,1,4,,4,2,,,1,4,,137,2,,,1,4,,9,2,,,1,4,,70,2,,,1,4,,168,2,,,1,4,,95,2,,,1,4,,75,2,,,1,4,,111,2,,,1,4,,49,2,,,1,3,,114,2,,,1,5,,108,2,,,1,4,,28,2,,,1,3,,157,2,,,1,5,,24,2,,,1,43,,126,2,,,1,5,,5,2,,,1,3,,138,2,,,1,4,,10,2,,,1,4,,71,2,,,1,4,,169,2,,,1,6,,96,2,,,1,6,,76,2,,,1,7,,50,2,,,1,5,,115,2,,,1,7,,29,2,,,1,5,,158,2,,,1,46,,127,2,,,1,6,,139,2,,,1,7,,11,2,,,1,5,,170,2,,,1,7,,97,2,,,1,6,,77,2,,,1,6,,51,2,,,1,6,,116,2,,,1,6,,30,2,,,1,6,,159,2,,,1,46,,128,2,,,1,6,,140,2,,,1,6,,12,2,,,1,6,,171,2,,,1,6,,98,2,,,1,6,,78,2,,,1,6,,52,2,,,1,6,,117,2,,,1,6,,31,2,,,1,6,,160,2,,,1,46,,129,2,,,1,6,,141,2,,,1,6,,13,2,,,1,6,,172,2,,,1,6,,99,2,,,1,6,,79,2,,,1,6,,53,2,,,1,6,,118,2,,,1,6,,32,2,,,1,6,,161,2,,,1,46,,130,2,,,1,6,,142,2,,,1,6,,14,2,,,1,6,,173,2,,,1,6,,100,2,,,1,6,,80,2,,,1,6,,54,2,,,1,6,,119,2,,,1,6,,33,2,,,1,6,,162,2,,,1,46,,131,2,,,1,6,,143,2,,,1,6,,15,2,,,1,6,,174,2,,,1,6,,101,2,,,1,5,,81,2,,,1,4,,179,2,,,1,5,,55,2,,,1,4,,120,2,,,1,3,,183,2,,,1,5,,34,2,,,1,4,,163,2,,,1,43,,199,2,,,1,5,,132,2,,,1,4,,144,2,,,1,3,,195,2,,,1,5,,16,2,,,1,4,,175,2,,,1,3,,211,2,,,1,5,,102,2,,,1,4,,82,2,,,1,3,,180,2,,,1,5,,56,2,,,1,4,,121,2,,,1,3,,184,2,,,1,5,,35,2,,,1,4,,164,2,,,1,43,,200,2,,,1,5,,133,2,,,1,4,,145,2,,,1,3,,196,2,,,1,5,,17,2,,,1,4,,176,2,,,1,3,,212,2,,,1,5,,103,2,,,1,4,,83,2,,,1,4,,181,2,,,1,4,,57,2,,,1,4,,122,2,,,1,4,,185,2,,,1,4,,36,2,,,1,4,,165,2,,,1,44,,201,2,,,1,4,,134,2,,,1,4,,146,2,,,1,4,,197,2,,,1,4,,18,2,,,1,4,,177,2,,,1,4,,213,2,,,1,4,,104,2,,,1,4,,84,2,,,1,4,,182,2,,,1,4,,58,2,,,1,4,,123,2,,,1,4,,186,2,,,1,4,,37,2,,,1,4,,166,2,,,1,44,,202,2,,,1,4,,135,2,,,1,5,,147,2,,,1,3,,198,2,,,1,4,,19,2,,,1,4,,178,2,,,1,4,,214,2,,,1,4,,105,2,,,1,5,,85,2,,,1,7,,59,2,,,1,8,,187,2,,,1,7,,38,2,,,1,47,,203,2,,,1,8,,148,2,,,1,7,,20,2,,,1,7,,215,2,,,1,8,,86,2,,,1,9,,60,2,,,1,8,,188,2,,,1,9,,39,2,,,1,48,,204,2,,,1,9,,149,2,,,1,9,,216,2,,,1,8,,87,2,,,1,8,,61,2,,,1,9,,189,2,,,1,8,,40,2,,,1,49,,205,2,,,1,8,,150,2,,,1,9,,217,2,,,1,9,,88,2,,,1,8,,62,2,,,1,8,,190,2,,,1,9,,41,2,,,1,48,,206,2,,,1,9,,151,2,,,1,9,,218,2,,,1,8,,89,2,,,1,9,,63,2,,,1,8,,191,2,,,1,8,,42,2,,,1,49,,207,2,,,1,8,,152,2,,,1,9,,219,2,,,1,8,,90,2,,,1,9,,64,2,,,1,8,,192,2,,,1,9,,43,2,,,1,48,,208,2,,,1,9,,153,2,,,1,8,,220,2,,,1,9,,91,2,,,1,8,,65,2,,,1,9,,193,2,,,1,8,,44,2,,,1,49,,209,2,,,1,8,,154,2,,,1,9,,221,2,,,1,8,,92,2,,,1,9,,66,2,,,1,8,,194,2,,,1,9,,45,2,,,1,48,,210,2,,,1
100,'CFDMTh-Weekday-03',502,,222,2,,,1,8,,227,2,,,1,7,,282,2,,,1,11,,287,2,,,1,8,,264,2,,,1,10,,246,2,,,1,9,,242,2,,,1,48,,223,2,,,1,8,,228,2,,,1,6,,283,2,,,1,6,,307,2,,,1,6,,288,2,,,1,4,,323,2,,,1,4,,265,2,,,1,3,,326,2,,,1,4,,320,2,,,1,5,,247,2,,,1,3,,367,2,,,1,5,,243,2,,,1,43,,338,2,,,1,5,,224,2,,,1,3,,350,2,,,1,4,,229,2,,,1,4,,284,2,,,1,4,,379,2,,,1,5,,308,2,,,1,4,,289,2,,,1,4,,324,2,,,1,4,,266,2,,,1,4,,327,2,,,1,4,,321,2,,,1,4,,248,2,,,1,4,,368,2,,,1,4,,244,2,,,1,44,,339,2,,,1,4,,225,2,,,1,4,,351,2,,,1,4,,230,2,,,1,4,,285,2,,,1,4,,380,2,,,1,4,,309,2,,,1,4,,290,2,,,1,4,,325,2,,,1,4,,267,2,,,1,3,,328,2,,,1,5,,322,2,,,1,4,,249,2,,,1,3,,369,2,,,1,5,,245,2,,,1,43,,340,2,,,1,5,,226,2,,,1,3,,352,2,,,1,4,,231,2,,,1,4,,286,2,,,1,4,,381,2,,,1,6,,310,2,,,1,6,,291,2,,,1,7,,268,2,,,1,5,,329,2,,,1,7,,250,2,,,1,5,,370,2,,,1,46,,341,2,,,1,6,,353,2,,,1,7,,232,2,,,1,5,,382,2,,,1,7,,311,2,,,1,6,,292,2,,,1,6,,269,2,,,1,6,,330,2,,,1,6,,251,2,,,1,6,,371,2,,,1,46,,342,2,,,1,6,,354,2,,,1,6,,233,2,,,1,6,,383,2,,,1,6,,312,2,,,1,6,,293,2,,,1,6,,270,2,,,1,6,,331,2,,,1,6,,252,2,,,1,6,,372,2,,,1,46,,343,2,,,1,6,,355,2,,,1,6,,234,2,,,1,6,,384,2,,,1,6,,313,2,,,1,6,,294,2,,,1,6,,271,2,,,1,6,,332,2,,,1,6,,253,2,,,1,6,,373,2,,,1,46,,344,2,,,1,6,,356,2,,,1,6,,235,2,,,1,6,,385,2,,,1,6,,314,2,,,1,6,,295,2,,,1,6,,272,2,,,1,6,,333,2,,,1,6,,254,2,,,1,6,,374,2,,,1,46,,345,2,,,1,6,,357,2,,,1,6,,236,2,,,1,6,,386,2,,,1,6,,315,2,,,1,5,,296,2,,,1,4,,391,2,,,1,5,,273,2,,,1,4,,334,2,,,1,3,,395,2,,,1,5,,255,2,,,1,4,,375,2,,,1,43,,410,2,,,1,5,,346,2,,,1,4,,358,2,,,1,3,,406,2,,,1,5,,237,2,,,1,4,,387,2,,,1,3,,421,2,,,1,5,,316,2,,,1,4,,297,2,,,1,3,,392,2,,,1,5,,274,2,,,1,4,,335,2,,,1,3,,396,2,,,1,5,,256,2,,,1,4,,376,2,,,1,43,,411,2,,,1,5,,347,2,,,1,4,,359,2,,,1,3,,407,2,,,1,5,,238,2,,,1,4,,388,2,,,1,3,,422,2,,,1,5,,317,2,,,1,4,,298,2,,,1,4,,393,2,,,1,4,,275,2,,,1,4,,336,2,,,1,4,,397,2,,,1,4,,257,2,,,1,4,,377,2,,,1,44,,412,2,,,1,4,,348,2,,,1,4,,360,2,,,1,4,,408,2,,,1,4,,239,2,,,1,4,,389,2,,,1,4,,423,2,,,1,4,,318,2,,,1,4,,299,2,,,1,4,,394,2,,,1,4,,276,2,,,1,4,,337,2,,,1,4,,398,2,,,1,4,,258,2,,,1,4,,378,2,,,1,44,,413,2,,,1,4,,349,2,,,1,5,,361,2,,,1,3,,409,2,,,1,4,,240,2,,,1,4,,390,2,,,1,4,,424,2,,,1,4,,319,2,,,1,5,,300,2,,,1,7,,277,2,,,1,8,,399,2,,,1,7,,259,2,,,1,47,,414,2,,,1,8,,362,2,,,1,7,,241,2,,,1,7,,425,2,,,1,8,,301,2,,,1,9,,278,2,,,1,8,,400,2,,,1,9,,260,2,,,1,48,,415,2,,,1,9,,363,2,,,1,9,,426,2,,,1,8,,302,2,,,1,8,,279,2,,,1,9,,401,2,,,1,8,,261,2,,,1,49,,416,2,,,1,8,,364,2,,,1,9,,427,2,,,1,9,,303,2,,,1,8,,280,2,,,1,8,,402,2,,,1,9,,262,2,,,1,48,,417,2,,,1,9,,365,2,,,1,9,,428,2,,,1,8,,304,2,,,1,9,,281,2,,,1,8,,403,2,,,1,9,,263,2,,,1,48,,418,2,,,1,9,,366,2,,,1,8,,429,2,,,1,13,,305,2,,,1,14,,404,2,,,1,56,,419,2,,,1,17,,430,2,,,1,13,,306,2,,,1,15,,405,2,,,1,55,,420,2,,,1
100,'CFDSA-Saturday-03',603,,431,2,,,1,8,,451,2,,,1,9,,530,2,,,1,9,,471,2,,,1,8,,491,2,,,1,9,,550,2,,,1,9,,511,2,,,1,48,,432,2,,,1,9,,452,2,,,1,9,,531,2,,,1,8,,472,2,,,1,9,,492,2,,,1,9,,551,2,,,1,8,,512,2,,,1,49,,433,2,,,1,9,,453,2,,,1,8,,532,2,,,1,9,,473,2,,,1,9,,493,2,,,1,8,,552,2,,,1,9,,513,2,,,1,49,,434,2,,,1,8,,454,2,,,1,9,,533,2,,,1,9,,474,2,,,1,8,,494,2,,,1,9,,553,2,,,1,9,,514,2,,,1,48,,435,2,,,1,9,,455,2,,,1,9,,534,2,,,1,8,,475,2,,,1,9,,495,2,,,1,9,,554,2,,,1,8,,515,2,,,1,49,,436,2,,,1,9,,456,2,,,1,8,,535,2,,,1,9,,476,2,,,1,9,,496,2,,,1,8,,555,2,,,1,9,,516,2,,,1,49,,437,2,,,1,8,,457,2,,,1,9,,536,2,,,1,9,,477,2,,,1,8,,497,2,,,1,9,,556,2,,,1,9,,517,2,,,1,48,,438,2,,,1,9,,458,2,,,1,9,,537,2,,,1,8,,478,2,,,1,9,,498,2,,,1,9,,557,2,,,1,8,,518,2,,,1,49,,439,2,,,1,9,,459,2,,,1,8,,538,2,,,1,9,,479,2,,,1,9,,499,2,,,1,8,,558,2,,,1,49,,519,2,,,1,9,,440,2,,,1,8,,460,2,,,1,9,,539,2,,,1,9,,480,2,,,1,8,,500,2,,,1,9,,559,2,,,1,49,,520,2,,,1,8,,441,2,,,1,9,,461,2,,,1,9,,540,2,,,1,8,,481,2,,,1,9,,501,2,,,1,9,,560,2,,,1,48,,521,2,,,1,9,,442,2,,,1,9,,462,2,,,1,8,,541,2,,,1,9,,482,2,,,1,9,,502,2,,,1,8,,561,2,,,1,49,,522,2,,,1,9,,443,2,,,1,8,,463,2,,,1,9,,542,2,,,1,9,,483,2,,,1,8,,503,2,,,1,9,,562,2,,,1,49,,523,2,,,1,8,,444,2,,,1,9,,464,2,,,1,9,,543,2,,,1,8,,484,2,,,1,9,,504,2,,,1,9,,563,2,,,1,48,,524,2,,,1,9,,445,2,,,1,9,,465,2,,,1,8,,544,2,,,1,9,,485,2,,,1,9,,505,2,,,1,8,,564,2,,,1,49,,525,2,,,1,9,,446,2,,,1,8,,466,2,,,1,9,,545,2,,,1,9,,486,2,,,1,8,,506,2,,,1,9,,565,2,,,1,49,,526,2,,,1,8,,447,2,,,1,9,,467,2,,,1,9,,546,2,,,1,8,,487,2,,,1,9,,507,2,,,1,9,,566,2,,,1,48,,527,2,,,1,9,,448,2,,,1,9,,468,2,,,1,8,,547,2,,,1,9,,488,2,,,1,9,,508,2,,,1,8,,567,2,,,1,49,,528,2,,,1,9,,449,2,,,1,8,,469,2,,,1,9,,548,2,,,1,9,,489,2,,,1,8,,509,2,,,1,9,,568,2,,,1,49,,529,2,,,1,8,,450,2,,,1,9,,470,2,,,1,9,,549,2,,,1,8,,490,2,,,1,9,,510,2,,,1,53,,569,2,,,1
100,'CFDSU-Sunday-03',803,,570,2,,,1,9,,585,2,,,1,9,,645,2,,,1,8,,600,2,,,1,8,,615,2,,,1,10,,660,2,,,1,9,,630,2,,,1,49,,571,2,,,1,8,,586,2,,,1,9,,646,2,,,1,9,,601,2,,,1,8,,616,2,,,1,9,,661,2,,,1,9,,631,2,,,1,48,,572,2,,,1,9,,587,2,,,1,9,,647,2,,,1,8,,602,2,,,1,9,,617,2,,,1,9,,662,2,,,1,8,,632,2,,,1,49,,573,2,,,1,9,,588,2,,,1,8,,648,2,,,1,9,,603,2,,,1,9,,618,2,,,1,8,,663,2,,,1,9,,633,2,,,1,49,,574,2,,,1,8,,589,2,,,1,9,,649,2,,,1,9,,604,2,,,1,8,,619,2,,,1,9,,664,2,,,1,9,,634,2,,,1,48,,575,2,,,1,9,,590,2,,,1,9,,650,2,,,1,8,,605,2,,,1,9,,620,2,,,1,9,,665,2,,,1,8,,635,2,,,1,49,,576,2,,,1,9,,591,2,,,1,8,,651,2,,,1,9,,606,2,,,1,9,,621,2,,,1,8,,666,2,,,1,49,,636,2,,,1,9,,577,2,,,1,8,,592,2,,,1,9,,652,2,,,1,9,,607,2,,,1,8,,622,2,,,1,9,,667,2,,,1,49,,637,2,,,1,8,,578,2,,,1,9,,593,2,,,1,9,,653,2,,,1,8,,608,2,,,1,9,,623,2,,,1,9,,668,2,,,1,48,,638,2,,,1,9,,579,2,,,1,9,,594,2,,,1,8,,654,2,,,1,9,,609,2,,,1,9,,624,2,,,1,8,,669,2,,,1,49,,639,2,,,1,9,,580,2,,,1,8,,595,2,,,1,9,,655,2,,,1,9,,610,2,,,1,8,,625,2,,,1,9,,670,2,,,1,49,,640,2,,,1,8,,581,2,,,1,9,,596,2,,,1,9,,656,2,,,1,8,,611,2,,,1,9,,626,2,,,1,9,,671,2,,,1,48,,641,2,,,1,9,,582,2,,,1,9,,597,2,,,1,8,,657,2,,,1,9,,612,2,,,1,9,,627,2,,,1,8,,672,2,,,1,49,,642,2,,,1,9,,583,2,,,1,8,,598,2,,,1,9,,658,2,,,1,9,,613,2,,,1,8,,628,2,,,1,9,,673,2,,,1,49,,643,2,,,1,8,,584,2,,,1,9,,599,2,,,1,9,,659,2,,,1,8,,614,2,,,1,9,,629,2,,,1,9,,674,2,,,1,48,,644,2,,,1
100,'CFDSU-Sunday-04',603,,782,2,,,1,15,,783,2,,,1,15,,784,2,,,1,15,,785,2,,,1,55,,781,2,,,1,15,,787,2,,,1,15,,786,2,,,1,15,,780,2,,,1,55,,675,2,,,1,9,,690,2,,,1,9,,750,2,,,1,8,,705,2,,,1,8,,720,2,,,1,10,,765,2,,,1,9,,735,2,,,1,49,,676,2,,,1,8,,691,2,,,1,9,,751,2,,,1,9,,706,2,,,1,8,,721,2,,,1,9,,766,2,,,1,9,,736,2,,,1,48,,677,2,,,1,9,,692,2,,,1,9,,752,2,,,1,8,,707,2,,,1,9,,722,2,,,1,9,,767,2,,,1,8,,737,2,,,1,49,,678,2,,,1,9,,693,2,,,1,8,,753,2,,,1,9,,708,2,,,1,9,,723,2,,,1,8,,768,2,,,1,9,,738,2,,,1,49,,679,2,,,1,8,,694,2,,,1,9,,754,2,,,1,9,,709,2,,,1,8,,724,2,,,1,9,,769,2,,,1,9,,739,2,,,1,48,,680,2,,,1,9,,695,2,,,1,9,,755,2,,,1,8,,710,2,,,1,9,,725,2,,,1,9,,770,2,,,1,8,,740,2,,,1,49,,681,2,,,1,9,,696,2,,,1,8,,756,2,,,1,9,,711,2,,,1,9,,726,2,,,1,8,,771,2,,,1,49,,741,2,,,1,9,,682,2,,,1,8,,697,2,,,1,9,,757,2,,,1,9,,712,2,,,1,8,,727,2,,,1,9,,772,2,,,1,49,,742,2,,,1,8,,683,2,,,1,9,,698,2,,,1,9,,758,2,,,1,8,,713,2,,,1,9,,728,2,,,1,9,,773,2,,,1,48,,743,2,,,1,9,,684,2,,,1,9,,699,2,,,1,8,,759,2,,,1,9,,714,2,,,1,9,,729,2,,,1,8,,774,2,,,1,49,,744,2,,,1,9,,685,2,,,1,8,,700,2,,,1,9,,760,2,,,1,9,,715,2,,,1,8,,730,2,,,1,9,,775,2,,,1,49,,745,2,,,1,8,,686,2,,,1,9,,701,2,,,1,9,,761,2,,,1,8,,716,2,,,1,9,,731,2,,,1,9,,776,2,,,1,48,,746,2,,,1,9,,687,2,,,1,9,,702,2,,,1,8,,762,2,,,1,9,,717,2,,,1,9,,732,2,,,1,8,,777,2,,,1,49,,747,2,,,1,9,,688,2,,,1,8,,703,2,,,1,9,,763,2,,,1,9,,718,2,,,1,8,,733,2,,,1,9,,778,2,,,1,49,,748,2,,,1,8,,689,2,,,1,9,,704,2,,,1,9,,764,2,,,1,8,,719,2,,,1,9,,734,2,,,1,9,,779,2,,,1,48,,749,2,,,1
101,'CFDFri-Weekday-03',526,,831,12,,,1,9,,810,12,,,1,11,,806,12,,,1,9,,788,12,,,1,49,,792,12,,,1,6,,852,12,,,1,12,,856,12,,,1,7,,832,12,,,1,7,,889,12,,,1,6,,811,12,,,1,8,,807,12,,,1,3,,905,12,,,1,5,,789,12,,,1,43,,917,12,,,1,4,,793,12,,,1,5,,853,12,,,1,3,,948,12,,,1,5,,877,12,,,1,4,,857,12,,,1,4,,892,12,,,1,4,,833,12,,,1,4,,894,12,,,1,4,,890,12,,,1,4,,812,12,,,1,4,,937,12,,,1,4,,808,12,,,1,4,,906,12,,,1,4,,790,12,,,1,44,,918,12,,,1,3,,794,12,,,1,4,,854,12,,,1,5,,949,12,,,1,4,,878,12,,,1,4,,858,12,,,1,4,,893,12,,,1,4,,834,12,,,1,4,,895,12,,,1,4,,891,12,,,1,4,,813,12,,,1,4,,938,12,,,1,4,,809,12,,,1,4,,907,12,,,1,4,,791,12,,,1,44,,919,12,,,1,4,,795,12,,,1,4,,855,12,,,1,4,,950,12,,,1,4,,879,12,,,1,4,,859,12,,,1,6,,835,12,,,1,6,,896,12,,,1,7,,814,12,,,1,5,,939,12,,,1,7,,908,12,,,1,47,,920,12,,,1,6,,796,12,,,1,6,,951,12,,,1,6,,880,12,,,1,7,,860,12,,,1,6,,836,12,,,1,6,,897,12,,,1,6,,815,12,,,1,6,,940,12,,,1,6,,909,12,,,1,46,,921,12,,,1,6,,797,12,,,1,6,,952,12,,,1,6,,881,12,,,1,6,,861,12,,,1,6,,837,12,,,1,6,,898,12,,,1,6,,816,12,,,1,6,,941,12,,,1,6,,910,12,,,1,46,,922,12,,,1,6,,798,12,,,1,6,,953,12,,,1,6,,882,12,,,1,6,,862,12,,,1,6,,838,12,,,1,6,,899,12,,,1,6,,817,12,,,1,6,,942,12,,,1,6,,911,12,,,1,46,,923,12,,,1,6,,799,12,,,1,6,,954,12,,,1,6,,883,12,,,1,6,,863,12,,,1,6,,839,12,,,1,6,,900,12,,,1,6,,818,12,,,1,6,,943,12,,,1,6,,912,12,,,1,46,,924,12,,,1,6,,800,12,,,1,6,,955,12,,,1,6,,884,12,,,1,6,,864,12,,,1,6,,840,12,,,1,6,,901,12,,,1,6,,819,12,,,1,6,,944,12,,,1,7,,913,12,,,1,45,,925,12,,,1,5,,974,12,,,1,4,,801,12,,,1,4,,956,12,,,1,4,,989,12,,,1,4,,885,12,,,1,4,,865,12,,,1,4,,960,12,,,1,4,,841,12,,,1,4,,902,12,,,1,4,,963,12,,,1,4,,820,12,,,1,4,,945,12,,,1,4,,978,12,,,1,4,,914,12,,,1,44,,926,12,,,1,4,,975,12,,,1,4,,802,12,,,1,4,,957,12,,,1,4,,990,12,,,1,4,,886,12,,,1,4,,866,12,,,1,4,,961,12,,,1,4,,842,12,,,1,4,,903,12,,,1,4,,964,12,,,1,4,,821,12,,,1,4,,946,12,,,1,4,,979,12,,,1,4,,915,12,,,1,44,,927,12,,,1,4,,976,12,,,1,4,,803,12,,,1,4,,958,12,,,1,4,,991,12,,,1,4,,887,12,,,1,4,,867,12,,,1,4,,962,12,,,1,4,,843,12,,,1,4,,904,12,,,1,4,,965,12,,,1,4,,822,12,,,1,4,,947,12,,,1,4,,980,12,,,1,4,,916,12,,,1,44,,928,12,,,1,4,,977,12,,,1,4,,804,12,,,1,4,,959,12,,,1,4,,992,12,,,1,4,,888,12,,,1,4,,868,12,,,1,8,,844,12,,,1,8,,966,12,,,1,6,,823,12,,,1,8,,981,12,,,1,48,,929,12,,,1,7,,805,12,,,1,7,,993,12,,,1,8,,869,12,,,1,8,,845,12,,,1,8,,967,12,,,1,7,,824,12,,,1,8,,982,12,,,1,51,,930,12,,,1,10,,994,12,,,1,8,,870,12,,,1,9,,846,12,,,1,8,,968,12,,,1,9,,825,12,,,1,48,,983,12,,,1,9,,931,12,,,1,8,,995,12,,,1,9,,871,12,,,1,8,,847,12,,,1,9,,969,12,,,1,8,,826,12,,,1,49,,984,12,,,1,8,,932,12,,,1,9,,996,12,,,1,8,,872,12,,,1,9,,848,12,,,1,8,,970,12,,,1,9,,827,12,,,1,8,,985,12,,,1,49,,933,12,,,1,8,,997,12,,,1,9,,873,12,,,1,8,,849,12,,,1,9,,971,12,,,1,8,,828,12,,,1,9,,986,12,,,1,48,,934,12,,,1,9,,998,12,,,1,8,,874,12,,,1,9,,850,12,,,1,8,,972,12,,,1,9,,829,12,,,1,8,,987,12,,,1,49,,935,12,,,1,8,,999,12,,,1,9,,875,12,,,1,8,,851,12,,,1,9,,973,12,,,1,8,,830,12,,,1,9,,988,12,,,1,48,,936,12,,,1,9,,1000,12,,,1,11,,876,12,,,1
101,'CFDMTh-Weekday-03',526,,1041,12,,,1,9,,1023,12,,,1,11,,1019,12,,,1,9,,1001,12,,,1,49,,1005,12,,,1,6,,1059,12,,,1,12,,1063,12,,,1,7,,1042,12,,,1,7,,1095,12,,,1,6,,1024,12,,,1,8,,1020,12,,,1,3,,1111,12,,,1,5,,1002,12,,,1,43,,1123,12,,,1,4,,1006,12,,,1,5,,1060,12,,,1,3,,1151,12,,,1,5,,1083,12,,,1,4,,1064,12,,,1,4,,1098,12,,,1,4,,1043,12,,,1,4,,1100,12,,,1,4,,1096,12,,,1,4,,1025,12,,,1,4,,1140,12,,,1,4,,1021,12,,,1,4,,1112,12,,,1,4,,1003,12,,,1,44,,1124,12,,,1,3,,1007,12,,,1,4,,1061,12,,,1,5,,1152,12,,,1,4,,1084,12,,,1,4,,1065,12,,,1,4,,1099,12,,,1,4,,1044,12,,,1,4,,1101,12,,,1,4,,1097,12,,,1,4,,1026,12,,,1,4,,1141,12,,,1,4,,1022,12,,,1,4,,1113,12,,,1,4,,1004,12,,,1,44,,1125,12,,,1,4,,1008,12,,,1,4,,1062,12,,,1,4,,1153,12,,,1,4,,1085,12,,,1,4,,1066,12,,,1,6,,1045,12,,,1,6,,1102,12,,,1,7,,1027,12,,,1,5,,1142,12,,,1,7,,1114,12,,,1,47,,1126,12,,,1,6,,1009,12,,,1,6,,1154,12,,,1,6,,1086,12,,,1,7,,1067,12,,,1,6,,1046,12,,,1,6,,1103,12,,,1,6,,1028,12,,,1,6,,1143,12,,,1,6,,1115,12,,,1,46,,1127,12,,,1,6,,1010,12,,,1,6,,1155,12,,,1,6,,1087,12,,,1,6,,1068,12,,,1,6,,1047,12,,,1,6,,1104,12,,,1,6,,1029,12,,,1,6,,1144,12,,,1,6,,1116,12,,,1,46,,1128,12,,,1,6,,1011,12,,,1,6,,1156,12,,,1,6,,1088,12,,,1,6,,1069,12,,,1,6,,1048,12,,,1,6,,1105,12,,,1,6,,1030,12,,,1,6,,1145,12,,,1,6,,1117,12,,,1,46,,1129,12,,,1,6,,1012,12,,,1,6,,1157,12,,,1,6,,1089,12,,,1,6,,1070,12,,,1,6,,1049,12,,,1,6,,1106,12,,,1,6,,1031,12,,,1,6,,1146,12,,,1,6,,1118,12,,,1,46,,1130,12,,,1,6,,1013,12,,,1,6,,1158,12,,,1,6,,1090,12,,,1,6,,1071,12,,,1,6,,1050,12,,,1,6,,1107,12,,,1,6,,1032,12,,,1,6,,1147,12,,,1,7,,1119,12,,,1,45,,1131,12,,,1,5,,1176,12,,,1,4,,1014,12,,,1,4,,1159,12,,,1,4,,1190,12,,,1,4,,1091,12,,,1,4,,1072,12,,,1,4,,1163,12,,,1,4,,1051,12,,,1,4,,1108,12,,,1,4,,1166,12,,,1,4,,1033,12,,,1,4,,1148,12,,,1,4,,1180,12,,,1,4,,1120,12,,,1,44,,1132,12,,,1,4,,1177,12,,,1,4,,1015,12,,,1,4,,1160,12,,,1,4,,1191,12,,,1,4,,1092,12,,,1,4,,1073,12,,,1,4,,1164,12,,,1,4,,1052,12,,,1,4,,1109,12,,,1,4,,1167,12,,,1,4,,1034,12,,,1,4,,1149,12,,,1,4,,1181,12,,,1,4,,1121,12,,,1,44,,1133,12,,,1,4,,1178,12,,,1,4,,1016,12,,,1,4,,1161,12,,,1,4,,1192,12,,,1,4,,1093,12,,,1,4,,1074,12,,,1,4,,1165,12,,,1,4,,1053,12,,,1,4,,1110,12,,,1,4,,1168,12,,,1,4,,1035,12,,,1,4,,1150,12,,,1,4,,1182,12,,,1,4,,1122,12,,,1,44,,1134,12,,,1,4,,1179,12,,,1,4,,1017,12,,,1,4,,1162,12,,,1,4,,1193,12,,,1,4,,1094,12,,,1,4,,1075,12,,,1,8,,1054,12,,,1,8,,1169,12,,,1,6,,1036,12,,,1,8,,1183,12,,,1,48,,1135,12,,,1,7,,1018,12,,,1,7,,1194,12,,,1,8,,1076,12,,,1,8,,1055,12,,,1,8,,1170,12,,,1,7,,1037,12,,,1,8,,1184,12,,,1,51,,1136,12,,,1,10,,1195,12,,,1,8,,1077,12,,,1,9,,1056,12,,,1,8,,1171,12,,,1,9,,1038,12,,,1,48,,1185,12,,,1,9,,1137,12,,,1,8,,1196,12,,,1,9,,1078,12,,,1,8,,1057,12,,,1,9,,1172,12,,,1,8,,1039,12,,,1,49,,1186,12,,,1,8,,1138,12,,,1,9,,1197,12,,,1,8,,1079,12,,,1,9,,1058,12,,,1,8,,1173,12,,,1,9,,1040,12,,,1,8,,1187,12,,,1,49,,1139,12,,,1,9,,1198,12,,,1,8,,1080,12,,,1,17,,1174,12,,,1,17,,1188,12,,,1,57,,1199,12,,,1,13,,1081,12,,,1,15,,1175,12,,,1,15,,1189,12,,,1,57,,1200,12,,,1,12,,1082,12,,,1
101,'CFDSA-Saturday-03',630,,1260,12,,,1,8,,1320,12,,,1,9,,1280,12,,,1,9,,1201,12,,,1,48,,1221,12,,,1,9,,1300,12,,,1,9,,1241,12,,,1,8,,1261,12,,,1,9,,1321,12,,,1,9,,1281,12,,,1,8,,1202,12,,,1,49,,1222,12,,,1,9,,1301,12,,,1,8,,1242,12,,,1,9,,1262,12,,,1,9,,1322,12,,,1,8,,1282,12,,,1,9,,1203,12,,,1,49,,1223,12,,,1,8,,1302,12,,,1,9,,1243,12,,,1,8,,1263,12,,,1,8,,1323,12,,,1,9,,1283,12,,,1,9,,1204,12,,,1,48,,1224,12,,,1,9,,1303,12,,,1,9,,1244,12,,,1,8,,1264,12,,,1,9,,1324,12,,,1,9,,1284,12,,,1,8,,1205,12,,,1,49,,1225,12,,,1,9,,1304,12,,,1,8,,1245,12,,,1,9,,1265,12,,,1,9,,1325,12,,,1,8,,1285,12,,,1,9,,1206,12,,,1,49,,1226,12,,,1,8,,1305,12,,,1,9,,1246,12,,,1,9,,1266,12,,,1,8,,1326,12,,,1,9,,1286,12,,,1,9,,1207,12,,,1,48,,1227,12,,,1,9,,1306,12,,,1,9,,1247,12,,,1,8,,1267,12,,,1,9,,1327,12,,,1,9,,1287,12,,,1,8,,1208,12,,,1,49,,1228,12,,,1,9,,1307,12,,,1,8,,1248,12,,,1,9,,1268,12,,,1,9,,1328,12,,,1,8,,1288,12,,,1,50,,1209,12,,,1,9,,1229,12,,,1,8,,1308,12,,,1,9,,1249,12,,,1,9,,1269,12,,,1,8,,1329,12,,,1,9,,1289,12,,,1,49,,1210,12,,,1,8,,1230,12,,,1,9,,1309,12,,,1,9,,1250,12,,,1,8,,1270,12,,,1,9,,1330,12,,,1,9,,1290,12,,,1,48,,1211,12,,,1,9,,1231,12,,,1,9,,1310,12,,,1,8,,1251,12,,,1,9,,1271,12,,,1,9,,1331,12,,,1,8,,1291,12,,,1,49,,1212,12,,,1,9,,1232,12,,,1,8,,1311,12,,,1,9,,1252,12,,,1,9,,1272,12,,,1,8,,1332,12,,,1,9,,1292,12,,,1,49,,1213,12,,,1,8,,1233,12,,,1,9,,1312,12,,,1,9,,1253,12,,,1,8,,1273,12,,,1,9,,1333,12,,,1,9,,1293,12,,,1,48,,1214,12,,,1,9,,1234,12,,,1,9,,1313,12,,,1,8,,1254,12,,,1,9,,1274,12,,,1,9,,1334,12,,,1,8,,1294,12,,,1,49,,1215,12,,,1,9,,1235,12,,,1,8,,1314,12,,,1,9,,1255,12,,,1,9,,1275,12,,,1,8,,1335,12,,,1,9,,1295,12,,,1,49,,1216,12,,,1,8,,1236,12,,,1,9,,1315,12,,,1,9,,1256,12,,,1,8,,1276,12,,,1,9,,1336,12,,,1,9,,1296,12,,,1,48,,1217,12,,,1,9,,1237,12,,,1,9,,1316,12,,,1,8,,1257,12,,,1,9,,1277,12,,,1,9,,1337,12,,,1,8,,1297,12,,,1,49,,1218,12,,,1,9,,1238,12,,,1,8,,1317,12,,,1,9,,1258,12,,,1,9,,1278,12,,,1,8,,1338,12,,,1,9,,1298,12,,,1,49,,1219,12,,,1,8,,1239,12,,,1,9,,1318,12,,,1,9,,1259,12,,,1,8,,1279,12,,,1,9,,1339,12,,,1,49,,1299,12,,,1,8,,1220,12,,,1,9,,1240,12,,,1,9,,1319,12,,,1
101,'CFDSU-Sunday-03',828,,1384,12,,,1,10,,1429,12,,,1,10,,1399,12,,,1,9,,1340,12,,,1,49,,1355,12,,,1,8,,1414,12,,,1,9,,1370,12,,,1,8,,1385,12,,,1,8,,1430,12,,,1,9,,1400,12,,,1,9,,1341,12,,,1,48,,1356,12,,,1,9,,1415,12,,,1,9,,1371,12,,,1,8,,1386,12,,,1,9,,1431,12,,,1,9,,1401,12,,,1,8,,1342,12,,,1,49,,1357,12,,,1,9,,1416,12,,,1,8,,1372,12,,,1,9,,1387,12,,,1,9,,1432,12,,,1,8,,1402,12,,,1,9,,1343,12,,,1,49,,1358,12,,,1,8,,1417,12,,,1,9,,1373,12,,,1,9,,1388,12,,,1,8,,1433,12,,,1,9,,1403,12,,,1,9,,1344,12,,,1,48,,1359,12,,,1,9,,1418,12,,,1,9,,1374,12,,,1,8,,1389,12,,,1,9,,1434,12,,,1,9,,1404,12,,,1,8,,1345,12,,,1,49,,1360,12,,,1,9,,1419,12,,,1,8,,1375,12,,,1,9,,1390,12,,,1,9,,1435,12,,,1,8,,1405,12,,,1,50,,1346,12,,,1,9,,1361,12,,,1,8,,1420,12,,,1,9,,1376,12,,,1,9,,1391,12,,,1,8,,1436,12,,,1,9,,1406,12,,,1,49,,1347,12,,,1,8,,1362,12,,,1,9,,1421,12,,,1,9,,1377,12,,,1,8,,1392,12,,,1,9,,1437,12,,,1,9,,1407,12,,,1,48,,1348,12,,,1,9,,1363,12,,,1,9,,1422,12,,,1,8,,1378,12,,,1,9,,1393,12,,,1,9,,1438,12,,,1,8,,1408,12,,,1,49,,1349,12,,,1,9,,1364,12,,,1,8,,1423,12,,,1,9,,1379,12,,,1,9,,1394,12,,,1,8,,1439,12,,,1,9,,1409,12,,,1,49,,1350,12,,,1,8,,1365,12,,,1,9,,1424,12,,,1,9,,1380,12,,,1,8,,1395,12,,,1,9,,1440,12,,,1,9,,1410,12,,,1,48,,1351,12,,,1,9,,1366,12,,,1,9,,1425,12,,,1,8,,1381,12,,,1,9,,1396,12,,,1,9,,1441,12,,,1,8,,1411,12,,,1,49,,1352,12,,,1,9,,1367,12,,,1,8,,1426,12,,,1,9,,1382,12,,,1,9,,1397,12,,,1,8,,1442,12,,,1,9,,1412,12,,,1,49,,1353,12,,,1,8,,1368,12,,,1,9,,1427,12,,,1,9,,1383,12,,,1,8,,1398,12,,,1,9,,1443,12,,,1,9,,1413,12,,,1,48,,1354,12,,,1,9,,1369,12,,,1,11,,1428,12,,,1
101,'CFDSU-Sunday-04',626,,1555,12,,,1,15,,1554,12,,,1,15,,1553,12,,,1,55,,1551,12,,,1,15,,1552,12,,,1,15,,1548,12,,,1,15,,1550,12,,,1,55,,1549,12,,,1,17,,1488,12,,,1,10,,1533,12,,,1,10,,1503,12,,,1,9,,1444,12,,,1,49,,1459,12,,,1,8,,1518,12,,,1,9,,1474,12,,,1,8,,1489,12,,,1,8,,1534,12,,,1,9,,1504,12,,,1,9,,1445,12,,,1,48,,1460,12,,,1,9,,1519,12,,,1,9,,1475,12,,,1,8,,1490,12,,,1,9,,1535,12,,,1,9,,1505,12,,,1,8,,1446,12,,,1,49,,1461,12,,,1,9,,1520,12,,,1,8,,1476,12,,,1,9,,1491,12,,,1,9,,1536,12,,,1,8,,1506,12,,,1,9,,1447,12,,,1,49,,1462,12,,,1,8,,1521,12,,,1,9,,1477,12,,,1,9,,1492,12,,,1,8,,1537,12,,,1,9,,1507,12,,,1,9,,1448,12,,,1,48,,1463,12,,,1,9,,1522,12,,,1,9,,1478,12,,,1,8,,1493,12,,,1,9,,1538,12,,,1,9,,1508,12,,,1,8,,1449,12,,,1,49,,1464,12,,,1,9,,1523,12,,,1,8,,1479,12,,,1,9,,1494,12,,,1,9,,1539,12,,,1,8,,1509,12,,,1,50,,1450,12,,,1,9,,1465,12,,,1,8,,1524,12,,,1,9,,1480,12,,,1,9,,1495,12,,,1,8,,1540,12,,,1,9,,1510,12,,,1,49,,1451,12,,,1,8,,1466,12,,,1,9,,1525,12,,,1,9,,1481,12,,,1,8,,1496,12,,,1,9,,1541,12,,,1,9,,1511,12,,,1,48,,1452,12,,,1,9,,1467,12,,,1,9,,1526,12,,,1,8,,1482,12,,,1,9,,1497,12,,,1,9,,1542,12,,,1,8,,1512,12,,,1,49,,1453,12,,,1,9,,1468,12,,,1,8,,1527,12,,,1,9,,1483,12,,,1,9,,1498,12,,,1,8,,1543,12,,,1,9,,1513,12,,,1,49,,1454,12,,,1,8,,1469,12,,,1,9,,1528,12,,,1,9,,1484,12,,,1,8,,1499,12,,,1,9,,1544,12,,,1,9,,1514,12,,,1,48,,1455,12,,,1,9,,1470,12,,,1,9,,1529,12,,,1,8,,1485,12,,,1,9,,1500,12,,,1,9,,1545,12,,,1,8,,1515,12,,,1,49,,1456,12,,,1,9,,1471,12,,,1,8,,1530,12,,,1,9,,1486,12,,,1,9,,1501,12,,,1,8,,1546,12,,,1,9,,1516,12,,,1,49,,1457,12,,,1,8,,1472,12,,,1,9,,1531,12,,,1,9,,1487,12,,,1,8,,1502,12,,,1,9,,1547,12,,,1,9,,1517,12,,,1,48,,1458,12,,,1,9,,1473,12,,,1,11,,1532,12,,,1
200,'TRILLTP-Weekday-01',612,,1648,4,4,,1,2,,1634,2,4,,1,9,,1556,8,4,,1,12,,1582,9,4,,1,1,,1647,11,4,,1,13,,1595,11,4,,1,52,,1621,11,4,,1,12,,1570,11,4,,1,12,,1608,11,4,,1,12,,1635,11,4,,1,12,,1557,11,4,,1,52,,1583,11,4,,1,12,,1596,11,4,,1,12,,1622,11,4,,1,12,,1571,11,4,,1,12,,1609,11,4,,1,52,,1636,11,4,,1,12,,1558,11,4,,1,12,,1584,11,4,,1,12,,1597,11,4,,1,12,,1623,11,4,,1,52,,1572,11,4,,1,12,,1610,11,4,,1,12,,1637,11,4,,1,12,,1559,11,4,,1,12,,1585,11,4,,1,52,,1598,11,4,,1,12,,1624,11,4,,1,12,,1573,11,4,,1,12,,1611,11,4,,1,12,,1638,11,4,,1,52,,1560,11,4,,1,12,,1586,11,4,,1,12,,1599,11,4,,1,12,,1625,11,4,,1,12,,1574,11,4,,1,52,,1612,11,4,,1,12,,1639,11,4,,1,12,,1561,11,4,,1,12,,1587,11,4,,1,12,,1600,11,4,,1,52,,1626,11,4,,1,12,,1575,11,4,,1,12,,1613,11,4,,1,12,,1640,11,4,,1,12,,1562,11,4,,1,52,,1588,11,4,,1,12,,1601,11,4,,1,12,,1627,11,4,,1,12,,1576,11,4,,1,12,,1614,11,4,,1,52,,1641,11,4,,1,12,,1563,11,4,,1,12,,1589,11,4,,1,12,,1602,11,4,,1,12,,1628,11,4,,1,52,,1577,11,4,,1,12,,1615,11,4,,1,12,,1642,11,4,,1,12,,1564,11,4,,1,12,,1590,11,4,,1,52,,1603,11,4,,1,12,,1629,11,4,,1,12,,1578,11,4,,1,12,,1616,11,4,,1,12,,1643,11,4,,1,52,,1565,11,4,,1,12,,1591,11,4,,1,12,,1604,11,4,,1,12,,1630,11,4,,1,12,,1579,11,4,,1,52,,1617,11,4,,1,12,,1644,11,4,,1,12,,1566,11,4,,1,12,,1592,11,4,,1,12,,1605,11,4,,1,52,,1631,11,4,,1,12,,1580,11,4,,1,12,,1618,11,4,,1,12,,1645,11,4,,1,12,,1567,11,4,,1,52,,1593,11,4,,1,12,,1606,11,4,,1,12,,1632,11,4,,1,12,,1581,11,4,,1,12,,1619,11,4,,1,52,,1646,11,4,,1,12,,1568,11,4,,1,12,,1594,11,4,,1,12,,1607,11,4,,1,12,,1633,11,4,,1,64,,1620,11,4,,1,22,,1569,11,4,,1
200,'TRILSAT-Saturday-02',650,,1725,2,4,,1,8,,1649,8,4,,1,52,,1674,9,4,,1,13,,1687,10,4,,1,12,,1712,11,4,,1,12,,1662,11,4,,1,12,,1700,11,4,,1,52,,1726,11,4,,1,12,,1650,11,4,,1,12,,1675,11,4,,1,12,,1688,11,4,,1,12,,1713,11,4,,1,52,,1663,11,4,,1,12,,1701,11,4,,1,12,,1727,11,4,,1,12,,1651,11,4,,1,12,,1676,11,4,,1,52,,1689,11,4,,1,12,,1714,11,4,,1,12,,1664,11,4,,1,12,,1702,11,4,,1,12,,1728,11,4,,1,52,,1652,11,4,,1,12,,1677,11,4,,1,12,,1690,11,4,,1,12,,1715,11,4,,1,12,,1665,11,4,,1,52,,1703,11,4,,1,12,,1729,11,4,,1,12,,1653,11,4,,1,12,,1678,11,4,,1,12,,1691,11,4,,1,52,,1716,11,4,,1,12,,1666,11,4,,1,12,,1704,11,4,,1,12,,1730,11,4,,1,12,,1654,11,4,,1,52,,1679,11,4,,1,12,,1692,11,4,,1,12,,1717,11,4,,1,12,,1667,11,4,,1,12,,1705,11,4,,1,52,,1731,11,4,,1,12,,1655,11,4,,1,12,,1680,11,4,,1,12,,1693,11,4,,1,12,,1718,11,4,,1,52,,1668,11,4,,1,12,,1706,11,4,,1,12,,1732,11,4,,1,12,,1656,11,4,,1,12,,1681,11,4,,1,52,,1694,11,4,,1,12,,1719,11,4,,1,12,,1669,11,4,,1,12,,1707,11,4,,1,12,,1733,11,4,,1,52,,1657,11,4,,1,12,,1682,11,4,,1,12,,1695,11,4,,1,12,,1720,11,4,,1,12,,1670,11,4,,1,52,,1708,11,4,,1,12,,1734,11,4,,1,12,,1658,11,4,,1,12,,1683,11,4,,1,12,,1696,11,4,,1,52,,1721,11,4,,1,12,,1671,11,4,,1,12,,1709,11,4,,1,12,,1735,11,4,,1,12,,1659,11,4,,1,52,,1684,11,4,,1,12,,1697,11,4,,1,12,,1722,11,4,,1,12,,1672,11,4,,1,12,,1710,11,4,,1,52,,1736,11,4,,1,12,,1660,11,4,,1,12,,1685,11,4,,1,12,,1698,11,4,,1,12,,1723,11,4,,1,52,,1673,11,4,,1,12,,1711,11,4,,1,12,,1737,11,4,,1,12,,1661,11,4,,1,12,,1686,11,4,,1,52,,1699,11,4,,1,12,,1724,11,4,,1
200,'TRILSUN-Sunday-02',744,,1808,2,4,,1,8,,1738,8,4,,1,52,,1761,9,4,,1,13,,1773,10,4,,1,12,,1796,11,4,,1,12,,1750,11,4,,1,12,,1785,11,4,,1,52,,1809,11,4,,1,12,,1739,11,4,,1,12,,1762,11,4,,1,12,,1774,11,4,,1,12,,1797,11,4,,1,52,,1751,11,4,,1,12,,1786,11,4,,1,12,,1810,11,4,,1,12,,1740,11,4,,1,12,,1763,11,4,,1,52,,1775,11,4,,1,12,,1798,11,4,,1,12,,1752,11,4,,1,12,,1787,11,4,,1,12,,1811,11,4,,1,52,,1741,11,4,,1,12,,1764,11,4,,1,12,,1776,11,4,,1,12,,1799,11,4,,1,12,,1753,11,4,,1,52,,1788,11,4,,1,12,,1812,11,4,,1,12,,1742,11,4,,1,12,,1765,11,4,,1,12,,1777,11,4,,1,52,,1800,11,4,,1,12,,1754,11,4,,1,12,,1789,11,4,,1,12,,1813,11,4,,1,12,,1743,11,4,,1,52,,1766,11,4,,1,12,,1778,11,4,,1,12,,1801,11,4,,1,12,,1755,11,4,,1,12,,1790,11,4,,1,52,,1814,11,4,,1,12,,1744,11,4,,1,12,,1767,11,4,,1,12,,1779,11,4,,1,12,,1802,11,4,,1,52,,1756,11,4,,1,12,,1791,11,4,,1,12,,1815,11,4,,1,12,,1745,11,4,,1,12,,1768,11,4,,1,52,,1780,11,4,,1,12,,1803,11,4,,1,12,,1757,11,4,,1,12,,1792,11,4,,1,12,,1816,11,4,,1,52,,1746,11,4,,1,12,,1769,11,4,,1,12,,1781,11,4,,1,12,,1804,11,4,,1,12,,1758,11,4,,1,52,,1793,11,4,,1,12,,1817,11,4,,1,12,,1747,11,4,,1,12,,1770,11,4,,1,12,,1782,11,4,,1,52,,1805,11,4,,1,12,,1759,11,4,,1,12,,1794,11,4,,1,12,,1818,11,4,,1,12,,1748,11,4,,1,52,,1771,11,4,,1,12,,1783,11,4,,1,12,,1806,11,4,,1,12,,1760,11,4,,1,12,,1795,11,4,,1,52,,1819,11,4,,1,12,,1749,11,4,,1,12,,1772,11,4,,1,12,,1784,11,4,,1,12,,1807,11,4,,1
200,'TRILSUN-Sunday-03',636,,1905,11,4,,1,64,,1902,11,4,,1,24,,1906,11,4,,1,20,,1890,2,4,,1,4,,1903,11,4,,1,4,,1820,8,4,,1,52,,1843,9,4,,1,8,,1904,11,4,,1,5,,1855,10,4,,1,12,,1878,11,4,,1,12,,1832,11,4,,1,12,,1867,11,4,,1,52,,1891,11,4,,1,12,,1821,11,4,,1,12,,1844,11,4,,1,12,,1856,11,4,,1,12,,1879,11,4,,1,52,,1833,11,4,,1,12,,1868,11,4,,1,12,,1892,11,4,,1,12,,1822,11,4,,1,12,,1845,11,4,,1,52,,1857,11,4,,1,12,,1880,11,4,,1,12,,1834,11,4,,1,12,,1869,11,4,,1,12,,1893,11,4,,1,52,,1823,11,4,,1,12,,1846,11,4,,1,12,,1858,11,4,,1,12,,1881,11,4,,1,12,,1835,11,4,,1,52,,1870,11,4,,1,12,,1894,11,4,,1,12,,1824,11,4,,1,12,,1847,11,4,,1,12,,1859,11,4,,1,52,,1882,11,4,,1,12,,1836,11,4,,1,12,,1871,11,4,,1,12,,1895,11,4,,1,12,,1825,11,4,,1,52,,1848,11,4,,1,12,,1860,11,4,,1,12,,1883,11,4,,1,12,,1837,11,4,,1,12,,1872,11,4,,1,52,,1896,11,4,,1,12,,1826,11,4,,1,12,,1849,11,4,,1,12,,1861,11,4,,1,12,,1884,11,4,,1,52,,1838,11,4,,1,12,,1873,11,4,,1,12,,1897,11,4,,1,12,,1827,11,4,,1,12,,1850,11,4,,1,52,,1862,11,4,,1,12,,1885,11,4,,1,12,,1839,11,4,,1,12,,1874,11,4,,1,12,,1898,11,4,,1,52,,1828,11,4,,1,12,,1851,11,4,,1,12,,1863,11,4,,1,12,,1886,11,4,,1,12,,1840,11,4,,1,52,,1875,11,4,,1,12,,1899,11,4,,1,12,,1829,11,4,,1,12,,1852,11,4,,1,12,,1864,11,4,,1,52,,1887,11,4,,1,12,,1841,11,4,,1,12,,1876,11,4,,1,12,,1900,11,4,,1,12,,1830,11,4,,1,52,,1853,11,4,,1,12,,1865,11,4,,1,12,,1888,11,4,,1,12,,1842,11,4,,1,12,,1877,11,4,,1,52,,1901,11,4,,1,12,,1831,11,4,,1,12,,1854,11,4,,1,12,,1866,11,4,,1,12,,1889,11,4,,1
201,'TRILLTP-Weekday-01',607,,1958,1,,,1,12,,1985,1,,,1,12,,1907,1,,,1,12,,1933,1,,,1,12,,1946,1,,,1,52,,1972,1,,,1,12,,1921,1,,,1,12,,1959,1,,,1,12,,1986,1,,,1,12,,1908,1,,,1,52,,1934,1,,,1,12,,1947,1,,,1,12,,1973,1,,,1,12,,1922,1,,,1,12,,1960,1,,,1,52,,1987,1,,,1,12,,1909,1,,,1,12,,1935,1,,,1,12,,1948,1,,,1,12,,1974,1,,,1,52,,1923,1,,,1,12,,1961,1,,,1,12,,1988,1,,,1,12,,1910,1,,,1,12,,1936,1,,,1,52,,1949,1,,,1,12,,1975,1,,,1,12,,1924,1,,,1,12,,1962,1,,,1,12,,1989,1,,,1,52,,1911,1,,,1,12,,1937,1,,,1,12,,1950,1,,,1,12,,1976,1,,,1,12,,1925,1,,,1,52,,1963,1,,,1,12,,1990,1,,,1,12,,1912,1,,,1,12,,1938,1,,,1,12,,1951,1,,,1,52,,1977,1,,,1,12,,1926,1,,,1,12,,1964,1,,,1,12,,1991,1,,,1,12,,1913,1,,,1,52,,1939,1,,,1,12,,1952,1,,,1,12,,1978,1,,,1,12,,1927,1,,,1,12,,1965,1,,,1,52,,1992,1,,,1,12,,1914,1,,,1,12,,1940,1,,,1,12,,1953,1,,,1,12,,1979,1,,,1,52,,1928,1,,,1,12,,1966,1,,,1,12,,1993,1,,,1,12,,1915,1,,,1,12,,1941,1,,,1,52,,1954,1,,,1,12,,1980,1,,,1,12,,1929,1,,,1,12,,1967,1,,,1,12,,1994,1,,,1,52,,1916,1,,,1,12,,1942,1,,,1,12,,1955,1,,,1,12,,1981,1,,,1,12,,1930,1,,,1,52,,1968,1,,,1,12,,1995,1,,,1,12,,1917,1,,,1,12,,1943,1,,,1,12,,1956,1,,,1,52,,1982,1,,,1,12,,1931,1,,,1,12,,1969,1,,,1,12,,1996,1,,,1,12,,1918,1,,,1,52,,1944,1,,,1,12,,1957,1,,,1,12,,1983,1,,,1,12,,1932,1,,,1,12,,1970,1,,,1,52,,1997,1,,,1,12,,1919,1,,,1,12,,1945,1,,,1,24,,1984,1,,,1
201,'TRILSAT-Saturday-02',655,,2073,1,,,1,52,,1998,1,,,1,12,,2023,1,,,1,12,,2035,1,,,1,12,,2061,1,,,1,12,,2011,1,,,1,52,,2048,1,,,1,12,,2074,1,,,1,12,,1999,1,,,1,12,,2024,1,,,1,12,,2036,1,,,1,52,,2062,1,,,1,12,,2012,1,,,1,12,,2049,1,,,1,12,,2075,1,,,1,12,,2000,1,,,1,52,,2025,1,,,1,12,,2037,1,,,1,12,,2063,1,,,1,12,,2013,1,,,1,12,,2050,1,,,1,52,,2076,1,,,1,12,,2001,1,,,1,12,,2026,1,,,1,12,,2038,1,,,1,12,,2064,1,,,1,52,,2014,1,,,1,12,,2051,1,,,1,12,,2077,1,,,1,12,,2002,1,,,1,12,,2027,1,,,1,52,,2039,1,,,1,12,,2065,1,,,1,12,,2015,1,,,1,12,,2052,1,,,1,12,,2078,1,,,1,52,,2003,1,,,1,12,,2028,1,,,1,12,,2040,1,,,1,12,,2066,1,,,1,12,,2016,1,,,1,52,,2053,1,,,1,12,,2079,1,,,1,12,,2004,1,,,1,12,,2029,1,,,1,12,,2041,1,,,1,52,,2067,1,,,1,12,,2017,1,,,1,12,,2054,1,,,1,12,,2080,1,,,1,12,,2005,1,,,1,52,,2030,1,,,1,12,,2042,1,,,1,12,,2068,1,,,1,12,,2018,1,,,1,12,,2055,1,,,1,52,,2081,1,,,1,12,,2006,1,,,1,12,,2031,1,,,1,12,,2043,1,,,1,12,,2069,1,,,1,52,,2019,1,,,1,12,,2056,1,,,1,12,,2082,1,,,1,12,,2007,1,,,1,12,,2032,1,,,1,52,,2044,1,,,1,12,,2070,1,,,1,12,,2020,1,,,1,12,,2057,1,,,1,12,,2083,1,,,1,52,,2008,1,,,1,12,,2033,1,,,1,12,,2045,1,,,1,12,,2071,1,,,1,12,,2021,1,,,1,52,,2058,1,,,1,12,,2084,1,,,1,12,,2009,1,,,1,12,,2034,1,,,1,12,,2046,1,,,1,52,,2072,1,,,1,12,,2022,1,,,1,12,,2059,1,,,1,12,,2085,1,,,1
201,'TRILSUN-Sunday-02',749,,2155,1,,,1,52,,2086,1,,,1,12,,2109,1,,,1,12,,2120,1,,,1,12,,2144,1,,,1,12,,2098,1,,,1,52,,2132,1,,,1,12,,2156,1,,,1,12,,2087,1,,,1,12,,2110,1,,,1,12,,2121,1,,,1,52,,2145,1,,,1,12,,2099,1,,,1,12,,2133,1,,,1,12,,2157,1,,,1,12,,2088,1,,,1,52,,2111,1,,,1,12,,2122,1,,,1,12,,2146,1,,,1,12,,2100,1,,,1,12,,2134,1,,,1,52,,2158,1,,,1,12,,2089,1,,,1,12,,2112,1,,,1,12,,2123,1,,,1,12,,2147,1,,,1,52,,2101,1,,,1,12,,2135,1,,,1,12,,2159,1,,,1,12,,2090,1,,,1,12,,2113,1,,,1,52,,2124,1,,,1,12,,2148,1,,,1,12,,2102,1,,,1,12,,2136,1,,,1,12,,2160,1,,,1,52,,2091,1,,,1,12,,2114,1,,,1,12,,2125,1,,,1,12,,2149,1,,,1,12,,2103,1,,,1,52,,2137,1,,,1,12,,2161,1,,,1,12,,2092,1,,,1,12,,2115,1,,,1,12,,2126,1,,,1,52,,2150,1,,,1,12,,2104,1,,,1,12,,2138,1,,,1,12,,2162,1,,,1,12,,2093,1,,,1,52,,2116,1,,,1,12,,2127,1,,,1,12,,2151,1,,,1,12,,2105,1,,,1,12,,2139,1,,,1,52,,2163,1,,,1,12,,2094,1,,,1,12,,2117,1,,,1,12,,2128,1,,,1,12,,2152,1,,,1,52,,2106,1,,,1,12,,2140,1,,,1,12,,2164,1,,,1,12,,2095,1,,,1,12,,2118,1,,,1,52,,2129,1,,,1,12,,2153,1,,,1,12,,2107,1,,,1,12,,2141,1,,,1,12,,2165,1,,,1,52,,2096,1,,,1,12,,2119,1,,,1,12,,2130,1,,,1,12,,2154,1,,,1,12,,2108,1,,,1,52,,2142,1,,,1
201,'TRILSUN-Sunday-03',600,,2249,1,,,1,24,,2247,1,,,1,24,,2248,1,,,1,64,,2246,1,,,1,24,,2250,1,,,1,13,,2235,1,,,1,52,,2166,1,,,1,12,,2189,1,,,1,12,,2200,1,,,1,12,,2224,1,,,1,12,,2178,1,,,1,52,,2212,1,,,1,12,,2236,1,,,1,12,,2167,1,,,1,12,,2190,1,,,1,12,,2201,1,,,1,52,,2225,1,,,1,12,,2179,1,,,1,12,,2213,1,,,1,12,,2237,1,,,1,12,,2168,1,,,1,52,,2191,1,,,1,12,,2202,1,,,1,12,,2226,1,,,1,12,,2180,1,,,1,12,,2214,1,,,1,52,,2238,1,,,1,12,,2169,1,,,1,12,,2192,1,,,1,12,,2203,1,,,1,12,,2227,1,,,1,52,,2181,1,,,1,12,,2215,1,,,1,12,,2239,1,,,1,12,,2170,1,,,1,12,,2193,1,,,1,52,,2204,1,,,1,12,,2228,1,,,1,12,,2182,1,,,1,12,,2216,1,,,1,12,,2240,1,,,1,52,,2171,1,,,1,12,,2194,1,,,1,12,,2205,1,,,1,12,,2229,1,,,1,12,,2183,1,,,1,52,,2217,1,,,1,12,,2241,1,,,1,12,,2172,1,,,1,12,,2195,1,,,1,12,,2206,1,,,1,52,,2230,1,,,1,12,,2184,1,,,1,12,,2218,1,,,1,12,,2242,1,,,1,12,,2173,1,,,1,52,,2196,1,,,1,12,,2207,1,,,1,12,,2231,1,,,1,12,,2185,1,,,1,12,,2219,1,,,1,52,,2243,1,,,1,12,,2174,1,,,1,12,,2197,1,,,1,12,,2208,1,,,1,12,,2232,1,,,1,52,,2186,1,,,1,12,,2220,1,,,1,12,,2244,1,,,1,12,,2175,1,,,1,12,,2198,1,,,1,52,,2209,1,,,1,12,,2233,1,,,1,12,,2187,1,,,1,12,,2221,1,,,1,12,,2245,1,,,1,52,,2176,1,,,1,12,,2199,1,,,1,12,,2210,1,,,1,12,,2234,1,,,1,12,,2188,1,,,1,52,,2222,1,,,1
