100,'CFDFri-Weekday-03',527,,1,13,4,,1,8,,6,13,4,,1,7,,67,13,4,,1,11,,72,13,4,,1,48,,46,13,4,,1,10,,25,13,4,,1,9,,21,13,4,,1,8,,2,13,4,,1,8,,7,13,4,,1,6,,68,13,4,,1,6,,93,13,4,,1,6,,73,13,4,,1,5,,109,13,4,,1,44,,47,13,4,,1,3,,112,13,4,,1,4,,106,13,4,,1,5,,26,13,4,,1,3,,155,13,4,,1,5,,22,13,4,,1,3,,124,13,4,,1,5,,3,13,4,,1,3,,136,13,4,,1,4,,8,13,4,,1,4,,69,13,4,,1,4,,167,13,4,,1,5,,94,13,4,,1,4,,74,13,4,,1,4,,110,13,4,,1,44,,48,13,4,,1,4,,113,13,4,,1,4,,107,13,4,,1,4,,27,13,4,,1,4,,156,13,4,,1,4,,23,13,4,,1,4,,125,13,4,,1,4,,4,13,4,,1,4,,137,13,4,,1,4,,9,13,4,,1,4,,70,13,4,,1,4,,168,13,4,,1,4,,95,13,4,,1,4,,75,13,4,,1,4,,111,13,4,,1,44,,49,13,4,,1,3,,114,13,4,,1,5,,108,13,4,,1,4,,28,13,4,,1,3,,157,13,4,,1,5,,24,13,4,,1,3,,126,13,4,,1,5,,5,13,4,,1,3,,138,13,4,,1,4,,10,13,4,,1,4,,71,13,4,,1,4,,169,13,4,,1,6,,96,13,4,,1,6,,76,13,4,,1,46,,50,13,4,,1,5,,115,13,4,,1,7,,29,13,4,,1,5,,158,13,4,,1,6,,127,13,4,,1,6,,139,13,4,,1,7,,11,13,4,,1,5,,170,13,4,,1,7,,97,13,4,,1,6,,77,13,4,,1,46,,51,13,4,,1,6,,116,13,4,,1,6,,30,13,4,,1,6,,159,13,4,,1,6,,128,13,4,,1,6,,140,13,4,,1,6,,12,13,4,,1,6,,171,13,4,,1,6,,98,13,4,,1,6,,78,13,4,,1,46,,52,13,4,,1,6,,117,13,4,,1,6,,31,13,4,,1,6,,160,13,4,,1,6,,129,13,4,,1,6,,141,13,4,,1,6,,13,13,4,,1,6,,172,13,4,,1,6,,99,13,4,,1,6,,79,13,4,,1,46,,53,13,4,,1,6,,118,13,4,,1,6,,32,13,4,,1,6,,161,13,4,,1,6,,130,13,4,,1,6,,142,13,4,,1,6,,14,13,4,,1,6,,173,13,4,,1,6,,100,13,4,,1,6,,80,13,4,,1,46,,54,13,4,,1,6,,119,13,4,,1,6,,33,13,4,,1,6,,162,13,4,,1,6,,131,13,4,,1,6,,143,13,4,,1,6,,15,13,4,,1,6,,174,13,4,,1,6,,101,13,4,,1,5,,81,13,4,,1,44,,179,13,4,,1,5,,55,13,4,,1,4,,120,13,4,,1,3,,183,13,4,,1,5,,34,13,4,,1,4,,163,13,4,,1,3,,199,13,4,,1,6,,132,13,4,,1,4,,144,13,4,,1,3,,195,13,4,,1,5,,16,13,4,,1,4,,175,13,4,,1,3,,211,13,4,,1,5,,102,13,4,,1,4,,82,13,4,,1,43,,180,13,4,,1,5,,56,13,4,,1,4,,121,13,4,,1,3,,184,13,4,,1,5,,35,13,4,,1,4,,164,13,4,,1,3,,200,13,4,,1,5,,133,13,4,,1,4,,145,13,4,,1,3,,196,13,4,,1,5,,17,13,4,,1,4,,176,13,4,,1,3,,212,13,4,,1,5,,103,13,4,,1,4,,83,13,4,,1,44,,181,13,4,,1,4,,57,13,4,,1,4,,122,13,4,,1,4,,185,13,4,,1,4,,36,13,4,,1,4,,165,13,4,,1,4,,201,13,4,,1,4,,134,13,4,,1,4,,146,13,4,,1,4,,197,13,4,,1,4,,18,13,4,,1,4,,177,13,4,,1,4,,213,13,4,,1,4,,104,13,4,,1,4,,84,13,4,,1,44,,182,13,4,,1,4,,58,13,4,,1,4,,123,13,4,,1,4,,186,13,4,,1,4,,37,13,4,,1,4,,166,13,4,,1,4,,202,13,4,,1,4,,135,13,4,,1,5,,147,13,4,,1,3,,198,13,4,,1,4,,19,13,4,,1,4,,178,13,4,,1,4,,214,13,4,,1,4,,105,13,4,,1,4,,85,13,4,,1,47,,59,13,4,,1,8,,187,13,4,,1,7,,38,13,4,,1,7,,203,13,4,,1,8,,148,13,4,,1,7,,20,13,4,,1,7,,215,13,4,,1,8,,86,13,4,,1,49,,60,13,4,,1,8,,188,13,4,,1,9,,39,13,4,,1,8,,204,13,4,,1,9,,149,13,4,,1,9,,216,13,4,,1,8,,87,13,4,,1,48,,61,13,4,,1,9,,189,13,4,,1,8,,40,13,4,,1,9,,205,13,4,,1,8,,150,13,4,,1,9,,217,13,4,,1,9,,88,13,4,,1,48,,62,13,4,,1,8,,190,13,4,,1,9,,41,13,4,,1,8,,206,13,4,,1,9,,151,13,4,,1,9,,218,13,4,,1,8,,89,13,4,,1,49,,63,13,4,,1,8,,191,13,4,,1,8,,42,13,4,,1,9,,207,13,4,,1,8,,152,13,4,,1,9,,219,13,4,,1,8,,90,13,4,,1,49,,64,13,4,,1,8,,192,13,4,,1,9,,43,13,4,,1,8,,208,13,4,,1,9,,153,13,4,,1,8,,220,13,4,,1,9,,91,13,4,,1,48,,65,13,4,,1,9,,193,13,4,,1,8,,44,13,4,,1,9,,209,13,4,,1,8,,154,13,4,,1,9,,221,13,4,,1,8,,92,13,4,,1,49,,66,13,4,,1,8,,194,13,4,,1,9,,45,13,4,,1,8,,210,13,4,,1
100,'CFDMTh-Weekday-03',527,,222,13,4,,1,8,,227,13,4,,1,7,,282,13,4,,1,11,,287,13,4,,1,48,,264,13,4,,1,10,,246,13,4,,1,9,,242,13,4,,1,8,,223,13,4,,1,8,,228,13,4,,1,6,,283,13,4,,1,6,,307,13,4,,1,6,,288,13,4,,1,5,,323,13,4,,1,44,,265,13,4,,1,3,,326,13,4,,1,4,,320,13,4,,1,5,,247,13,4,,1,3,,367,13,4,,1,5,,243,13,4,,1,3,,338,13,4,,1,5,,224,13,4,,1,3,,350,13,4,,1,4,,229,13,4,,1,4,,284,13,4,,1,4,,379,13,4,,1,5,,308,13,4,,1,4,,289,13,4,,1,4,,324,13,4,,1,44,,266,13,4,,1,4,,327,13,4,,1,4,,321,13,4,,1,4,,248,13,4,,1,4,,368,13,4,,1,4,,244,13,4,,1,4,,339,13,4,,1,4,,225,13,4,,1,4,,351,13,4,,1,4,,230,13,4,,1,4,,285,13,4,,1,4,,380,13,4,,1,4,,309,13,4,,1,4,,290,13,4,,1,4,,325,13,4,,1,44,,267,13,4,,1,3,,328,13,4,,1,5,,322,13,4,,1,4,,249,13,4,,1,3,,369,13,4,,1,5,,245,13,4,,1,3,,340,13,4,,1,5,,226,13,4,,1,3,,352,13,4,,1,4,,231,13,4,,1,4,,286,13,4,,1,4,,381,13,4,,1,6,,310,13,4,,1,6,,291,13,4,,1,46,,268,13,4,,1,5,,329,13,4,,1,7,,250,13,4,,1,5,,370,13,4,,1,6,,341,13,4,,1,6,,353,13,4,,1,7,,232,13,4,,1,5,,382,13,4,,1,7,,311,13,4,,1,6,,292,13,4,,1,46,,269,13,4,,1,6,,330,13,4,,1,6,,251,13,4,,1,6,,371,13,4,,1,6,,342,13,4,,1,6,,354,13,4,,1,6,,233,13,4,,1,6,,383,13,4,,1,6,,312,13,4,,1,6,,293,13,4,,1,46,,270,13,4,,1,6,,331,13,4,,1,6,,252,13,4,,1,6,,372,13,4,,1,6,,343,13,4,,1,6,,355,13,4,,1,6,,234,13,4,,1,6,,384,13,4,,1,6,,313,13,4,,1,6,,294,13,4,,1,46,,271,13,4,,1,6,,332,13,4,,1,6,,253,13,4,,1,6,,373,13,4,,1,6,,344,13,4,,1,6,,356,13,4,,1,6,,235,13,4,,1,6,,385,13,4,,1,6,,314,13,4,,1,6,,295,13,4,,1,46,,272,13,4,,1,6,,333,13,4,,1,6,,254,13,4,,1,6,,374,13,4,,1,6,,345,13,4,,1,6,,357,13,4,,1,6,,236,13,4,,1,6,,386,13,4,,1,6,,315,13,4,,1,5,,296,13,4,,1,44,,391,13,4,,1,5,,273,13,4,,1,4,,334,13,4,,1,3,,395,13,4,,1,5,,255,13,4,,1,4,,375,13,4,,1,3,,410,13,4,,1,6,,346,13,4,,1,4,,358,13,4,,1,3,,406,13,4,,1,5,,237,13,4,,1,4,,387,13,4,,1,3,,421,13,4,,1,5,,316,13,4,,1,4,,297,13,4,,1,43,,392,13,4,,1,5,,274,13,4,,1,4,,335,13,4,,1,3,,396,13,4,,1,5,,256,13,4,,1,4,,376,13,4,,1,3,,411,13,4,,1,5,,347,13,4,,1,4,,359,13,4,,1,3,,407,13,4,,1,5,,238,13,4,,1,4,,388,13,4,,1,3,,422,13,4,,1,5,,317,13,4,,1,4,,298,13,4,,1,44,,393,13,4,,1,4,,275,13,4,,1,4,,336,13,4,,1,4,,397,13,4,,1,4,,257,13,4,,1,4,,377,13,4,,1,4,,412,13,4,,1,4,,348,13,4,,1,4,,360,13,4,,1,4,,408,13,4,,1,4,,239,13,4,,1,4,,389,13,4,,1,4,,423,13,4,,1,4,,318,13,4,,1,4,,299,13,4,,1,44,,394,13,4,,1,4,,276,13,4,,1,4,,337,13,4,,1,4,,398,13,4,,1,4,,258,13,4,,1,4,,378,13,4,,1,4,,413,13,4,,1,4,,349,13,4,,1,5,,361,13,4,,1,3,,409,13,4,,1,4,,240,13,4,,1,4,,390,13,4,,1,4,,424,13,4,,1,4,,319,13,4,,1,4,,300,13,4,,1,47,,277,13,4,,1,8,,399,13,4,,1,7,,259,13,4,,1,7,,414,13,4,,1,8,,362,13,4,,1,7,,241,13,4,,1,7,,425,13,4,,1,8,,301,13,4,,1,49,,278,13,4,,1,8,,400,13,4,,1,9,,260,13,4,,1,8,,415,13,4,,1,9,,363,13,4,,1,9,,426,13,4,,1,8,,302,13,4,,1,48,,279,13,4,,1,9,,401,13,4,,1,8,,261,13,4,,1,9,,416,13,4,,1,8,,364,13,4,,1,9,,427,13,4,,1,9,,303,13,4,,1,48,,280,13,4,,1,8,,402,13,4,,1,9,,262,13,4,,1,8,,417,13,4,,1,9,,365,13,4,,1,9,,428,13,4,,1,8,,304,13,4,,1,49,,281,13,4,,1,8,,403,13,4,,1,9,,263,13,4,,1,8,,418,13,4,,1,9,,366,13,4,,1,8,,429,13,4,,1,53,,305,13,4,,1,14,,404,13,4,,1,16,,419,13,4,,1,17,,430,13,4,,1,53,,306,13,4,,1,15,,405,13,4,,1,15,,420,13,4,,1
100,'CFDSA-Saturday-03',628,,431,13,4,,1,8,,451,13,4,,1,9,,530,13,4,,1,9,,471,13,4,,1,49,,491,13,4,,1,9,,550,13,4,,1,9,,511,13,4,,1,8,,432,13,4,,1,9,,452,13,4,,1,9,,531,13,4,,1,8,,472,13,4,,1,49,,492,13,4,,1,9,,551,13,4,,1,8,,512,13,4,,1,9,,433,13,4,,1,9,,453,13,4,,1,8,,532,13,4,,1,9,,473,13,4,,1,49,,493,13,4,,1,8,,552,13,4,,1,9,,513,13,4,,1,9,,434,13,4,,1,8,,454,13,4,,1,9,,533,13,4,,1,9,,474,13,4,,1,47,,494,13,4,,1,9,,553,13,4,,1,9,,514,13,4,,1,8,,435,13,4,,1,9,,455,13,4,,1,9,,534,13,4,,1,8,,475,13,4,,1,49,,495,13,4,,1,9,,554,13,4,,1,8,,515,13,4,,1,9,,436,13,4,,1,9,,456,13,4,,1,8,,535,13,4,,1,9,,476,13,4,,1,49,,496,13,4,,1,8,,555,13,4,,1,9,,516,13,4,,1,9,,437,13,4,,1,8,,457,13,4,,1,9,,536,13,4,,1,9,,477,13,4,,1,48,,497,13,4,,1,9,,556,13,4,,1,9,,517,13,4,,1,8,,438,13,4,,1,9,,458,13,4,,1,9,,537,13,4,,1,8,,478,13,4,,1,49,,498,13,4,,1,9,,557,13,4,,1,8,,518,13,4,,1,9,,439,13,4,,1,9,,459,13,4,,1,8,,538,13,4,,1,9,,479,13,4,,1,49,,499,13,4,,1,8,,558,13,4,,1,9,,519,13,4,,1,10,,440,13,4,,1,8,,460,13,4,,1,9,,539,13,4,,1,49,,480,13,4,,1,8,,500,13,4,,1,9,,559,13,4,,1,9,,520,13,4,,1,8,,441,13,4,,1,9,,461,13,4,,1,9,,540,13,4,,1,48,,481,13,4,,1,9,,501,13,4,,1,9,,560,13,4,,1,8,,521,13,4,,1,9,,442,13,4,,1,9,,462,13,4,,1,8,,541,13,4,,1,49,,482,13,4,,1,9,,502,13,4,,1,8,,561,13,4,,1,9,,522,13,4,,1,9,,443,13,4,,1,8,,463,13,4,,1,9,,542,13,4,,1,48,,483,13,4,,1,8,,503,13,4,,1,9,,562,13,4,,1,9,,523,13,4,,1,8,,444,13,4,,1,9,,464,13,4,,1,9,,543,13,4,,1,48,,484,13,4,,1,9,,504,13,4,,1,9,,563,13,4,,1,8,,524,13,4,,1,9,,445,13,4,,1,9,,465,13,4,,1,8,,544,13,4,,1,49,,485,13,4,,1,9,,505,13,4,,1,8,,564,13,4,,1,9,,525,13,4,,1,9,,446,13,4,,1,8,,466,13,4,,1,9,,545,13,4,,1,49,,486,13,4,,1,8,,506,13,4,,1,9,,565,13,4,,1,9,,526,13,4,,1,8,,447,13,4,,1,9,,467,13,4,,1,9,,546,13,4,,1,48,,487,13,4,,1,9,,507,13,4,,1,9,,566,13,4,,1,8,,527,13,4,,1,9,,448,13,4,,1,9,,468,13,4,,1,8,,547,13,4,,1,49,,488,13,4,,1,9,,508,13,4,,1,8,,567,13,4,,1,9,,528,13,4,,1,9,,449,13,4,,1,8,,469,13,4,,1,9,,548,13,4,,1,49,,489,13,4,,1,8,,509,13,4,,1,9,,568,13,4,,1,9,,529,13,4,,1,8,,450,13,4,,1,9,,470,13,4,,1,9,,549,13,4,,1,48,,490,13,4,,1,9,,510,13,4,,1,13,,569,13,4,,1
100,'CFDSU-Sunday-03',829,,570,13,4,,1,9,,585,13,4,,1,9,,645,13,4,,1,8,,600,13,4,,1,48,,615,13,4,,1,10,,660,13,4,,1,9,,630,13,4,,1,9,,571,13,4,,1,8,,586,13,4,,1,9,,646,13,4,,1,9,,601,13,4,,1,47,,616,13,4,,1,9,,661,13,4,,1,9,,631,13,4,,1,8,,572,13,4,,1,9,,587,13,4,,1,9,,647,13,4,,1,8,,602,13,4,,1,49,,617,13,4,,1,9,,662,13,4,,1,8,,632,13,4,,1,9,,573,13,4,,1,9,,588,13,4,,1,8,,648,13,4,,1,9,,603,13,4,,1,49,,618,13,4,,1,8,,663,13,4,,1,9,,633,13,4,,1,9,,574,13,4,,1,8,,589,13,4,,1,9,,649,13,4,,1,9,,604,13,4,,1,48,,619,13,4,,1,9,,664,13,4,,1,9,,634,13,4,,1,8,,575,13,4,,1,9,,590,13,4,,1,9,,650,13,4,,1,8,,605,13,4,,1,49,,620,13,4,,1,9,,665,13,4,,1,8,,635,13,4,,1,9,,576,13,4,,1,9,,591,13,4,,1,8,,651,13,4,,1,9,,606,13,4,,1,49,,621,13,4,,1,8,,666,13,4,,1,9,,636,13,4,,1,10,,577,13,4,,1,8,,592,13,4,,1,9,,652,13,4,,1,49,,607,13,4,,1,8,,622,13,4,,1,9,,667,13,4,,1,9,,637,13,4,,1,8,,578,13,4,,1,9,,593,13,4,,1,9,,653,13,4,,1,48,,608,13,4,,1,9,,623,13,4,,1,9,,668,13,4,,1,8,,638,13,4,,1,9,,579,13,4,,1,9,,594,13,4,,1,8,,654,13,4,,1,49,,609,13,4,,1,9,,624,13,4,,1,8,,669,13,4,,1,9,,639,13,4,,1,9,,580,13,4,,1,8,,595,13,4,,1,9,,655,13,4,,1,48,,610,13,4,,1,8,,625,13,4,,1,9,,670,13,4,,1,9,,640,13,4,,1,8,,581,13,4,,1,9,,596,13,4,,1,9,,656,13,4,,1,48,,611,13,4,,1,9,,626,13,4,,1,9,,671,13,4,,1,8,,641,13,4,,1,9,,582,13,4,,1,9,,597,13,4,,1,8,,657,13,4,,1,49,,612,13,4,,1,9,,627,13,4,,1,8,,672,13,4,,1,9,,642,13,4,,1,9,,583,13,4,,1,8,,598,13,4,,1,9,,658,13,4,,1,49,,613,13,4,,1,8,,628,13,4,,1,9,,673,13,4,,1,9,,643,13,4,,1,8,,584,13,4,,1,9,,599,13,4,,1,9,,659,13,4,,1,48,,614,13,4,,1,9,,629,13,4,,1,9,,674,13,4,,1,8,,644,13,4,,1
100,'CFDSU-Sunday-04',628,,782,13,4,,1,15,,783,13,4,,1,16,,784,13,4,,1,55,,785,13,4,,1,15,,781,13,4,,1,15,,787,13,4,,1,15,,786,13,4,,1,55,,780,13,4,,1,15,,675,13,4,,1,9,,690,13,4,,1,9,,750,13,4,,1,8,,705,13,4,,1,48,,720,13,4,,1,10,,765,13,4,,1,9,,735,13,4,,1,9,,676,13,4,,1,8,,691,13,4,,1,9,,751,13,4,,1,9,,706,13,4,,1,47,,721,13,4,,1,9,,766,13,4,,1,9,,736,13,4,,1,8,,677,13,4,,1,9,,692,13,4,,1,9,,752,13,4,,1,8,,707,13,4,,1,49,,722,13,4,,1,9,,767,13,4,,1,8,,737,13,4,,1,9,,678,13,4,,1,9,,693,13,4,,1,8,,753,13,4,,1,9,,708,13,4,,1,49,,723,13,4,,1,8,,768,13,4,,1,9,,738,13,4,,1,9,,679,13,4,,1,8,,694,13,4,,1,9,,754,13,4,,1,9,,709,13,4,,1,48,,724,13,4,,1,9,,769,13,4,,1,9,,739,13,4,,1,8,,680,13,4,,1,9,,695,13,4,,1,9,,755,13,4,,1,8,,710,13,4,,1,49,,725,13,4,,1,9,,770,13,4,,1,8,,740,13,4,,1,9,,681,13,4,,1,9,,696,13,4,,1,8,,756,13,4,,1,9,,711,13,4,,1,49,,726,13,4,,1,8,,771,13,4,,1,9,,741,13,4,,1,10,,682,13,4,,1,8,,697,13,4,,1,9,,757,13,4,,1,49,,712,13,4,,1,8,,727,13,4,,1,9,,772,13,4,,1,9,,742,13,4,,1,8,,683,13,4,,1,9,,698,13,4,,1,9,,758,13,4,,1,48,,713,13,4,,1,9,,728,13,4,,1,9,,773,13,4,,1,8,,743,13,4,,1,9,,684,13,4,,1,9,,699,13,4,,1,8,,759,13,4,,1,49,,714,13,4,,1,9,,729,13,4,,1,8,,774,13,4,,1,9,,744,13,4,,1,9,,685,13,4,,1,8,,700,13,4,,1,9,,760,13,4,,1,48,,715,13,4,,1,8,,730,13,4,,1,9,,775,13,4,,1,9,,745,13,4,,1,8,,686,13,4,,1,9,,701,13,4,,1,9,,761,13,4,,1,48,,716,13,4,,1,9,,731,13,4,,1,9,,776,13,4,,1,8,,746,13,4,,1,9,,687,13,4,,1,9,,702,13,4,,1,8,,762,13,4,,1,49,,717,13,4,,1,9,,732,13,4,,1,8,,777,13,4,,1,9,,747,13,4,,1,9,,688,13,4,,1,8,,703,13,4,,1,9,,763,13,4,,1,49,,718,13,4,,1,8,,733,13,4,,1,9,,778,13,4,,1,9,,748,13,4,,1,8,,689,13,4,,1,9,,704,13,4,,1,9,,764,13,4,,1,48,,719,13,4,,1,9,,734,13,4,,1,9,,779,13,4,,1,8,,749,13,4,,1
101,'CFDFri-Weekday-03',500,,831,1,,,1,9,,810,1,,,1,11,,806,1,,,1,9,,788,1,,,1,9,,792,1,,,1,6,,852,1,,,1,12,,856,1,,,1,47,,832,1,,,1,7,,889,1,,,1,6,,811,1,,,1,8,,807,1,,,1,3,,905,1,,,1,5,,789,1,,,1,3,,917,1,,,1,4,,793,1,,,1,5,,853,1,,,1,3,,948,1,,,1,5,,877,1,,,1,4,,857,1,,,1,44,,892,1,,,1,4,,833,1,,,1,4,,894,1,,,1,4,,890,1,,,1,4,,812,1,,,1,4,,937,1,,,1,4,,808,1,,,1,4,,906,1,,,1,4,,790,1,,,1,4,,918,1,,,1,3,,794,1,,,1,4,,854,1,,,1,5,,949,1,,,1,4,,878,1,,,1,4,,858,1,,,1,44,,893,1,,,1,4,,834,1,,,1,4,,895,1,,,1,4,,891,1,,,1,4,,813,1,,,1,4,,938,1,,,1,4,,809,1,,,1,4,,907,1,,,1,4,,791,1,,,1,4,,919,1,,,1,4,,795,1,,,1,4,,855,1,,,1,4,,950,1,,,1,4,,879,1,,,1,4,,859,1,,,1,47,,835,1,,,1,6,,896,1,,,1,7,,814,1,,,1,5,,939,1,,,1,7,,908,1,,,1,7,,920,1,,,1,6,,796,1,,,1,6,,951,1,,,1,6,,880,1,,,1,47,,860,1,,,1,6,,836,1,,,1,6,,897,1,,,1,6,,815,1,,,1,6,,940,1,,,1,6,,909,1,,,1,6,,921,1,,,1,6,,797,1,,,1,6,,952,1,,,1,6,,881,1,,,1,46,,861,1,,,1,6,,837,1,,,1,6,,898,1,,,1,6,,816,1,,,1,6,,941,1,,,1,6,,910,1,,,1,6,,922,1,,,1,6,,798,1,,,1,6,,953,1,,,1,6,,882,1,,,1,46,,862,1,,,1,6,,838,1,,,1,6,,899,1,,,1,6,,817,1,,,1,6,,942,1,,,1,6,,911,1,,,1,6,,923,1,,,1,6,,799,1,,,1,6,,954,1,,,1,6,,883,1,,,1,46,,863,1,,,1,6,,839,1,,,1,6,,900,1,,,1,6,,818,1,,,1,6,,943,1,,,1,6,,912,1,,,1,6,,924,1,,,1,6,,800,1,,,1,6,,955,1,,,1,6,,884,1,,,1,46,,864,1,,,1,6,,840,1,,,1,6,,901,1,,,1,6,,819,1,,,1,6,,944,1,,,1,6,,913,1,,,1,5,,925,1,,,1,5,,974,1,,,1,4,,801,1,,,1,4,,956,1,,,1,4,,989,1,,,1,4,,885,1,,,1,44,,865,1,,,1,4,,960,1,,,1,4,,841,1,,,1,4,,902,1,,,1,4,,963,1,,,1,4,,820,1,,,1,4,,945,1,,,1,4,,978,1,,,1,4,,914,1,,,1,4,,926,1,,,1,4,,975,1,,,1,4,,802,1,,,1,4,,957,1,,,1,4,,990,1,,,1,4,,886,1,,,1,44,,866,1,,,1,4,,961,1,,,1,4,,842,1,,,1,4,,903,1,,,1,4,,964,1,,,1,4,,821,1,,,1,4,,946,1,,,1,4,,979,1,,,1,4,,915,1,,,1,4,,927,1,,,1,4,,976,1,,,1,4,,803,1,,,1,4,,958,1,,,1,4,,991,1,,,1,4,,887,1,,,1,44,,867,1,,,1,4,,962,1,,,1,4,,843,1,,,1,4,,904,1,,,1,4,,965,1,,,1,4,,822,1,,,1,4,,947,1,,,1,4,,980,1,,,1,4,,916,1,,,1,4,,928,1,,,1,4,,977,1,,,1,4,,804,1,,,1,4,,959,1,,,1,4,,992,1,,,1,4,,888,1,,,1,44,,868,1,,,1,8,,844,1,,,1,8,,966,1,,,1,6,,823,1,,,1,8,,981,1,,,1,8,,929,1,,,1,7,,805,1,,,1,7,,993,1,,,1,48,,869,1,,,1,8,,845,1,,,1,8,,967,1,,,1,7,,824,1,,,1,8,,982,1,,,1,11,,930,1,,,1,10,,994,1,,,1,48,,870,1,,,1,9,,846,1,,,1,8,,968,1,,,1,9,,825,1,,,1,8,,983,1,,,1,9,,931,1,,,1,8,,995,1,,,1,49,,871,1,,,1,8,,847,1,,,1,9,,969,1,,,1,8,,826,1,,,1,9,,984,1,,,1,8,,932,1,,,1,9,,996,1,,,1,8,,872,1,,,1,49,,848,1,,,1,8,,970,1,,,1,9,,827,1,,,1,8,,985,1,,,1,9,,933,1,,,1,8,,997,1,,,1,9,,873,1,,,1,48,,849,1,,,1,9,,971,1,,,1,8,,828,1,,,1,9,,986,1,,,1,8,,934,1,,,1,9,,998,1,,,1,8,,874,1,,,1,49,,850,1,,,1,8,,972,1,,,1,9,,829,1,,,1,8,,987,1,,,1,9,,935,1,,,1,8,,999,1,,,1,9,,875,1,,,1,48,,851,1,,,1,9,,973,1,,,1,8,,830,1,,,1,9,,988,1,,,1,8,,936,1,,,1,9,,1000,1,,,1,51,,876,1,,,1
101,'CFDMTh-Weekday-03',500,,1041,1,,,1,9,,1023,1,,,1,11,,1019,1,,,1,9,,1001,1,,,1,9,,1005,1,,,1,6,,1059,1,,,1,12,,1063,1,,,1,47,,1042,1,,,1,7,,1095,1,,,1,6,,1024,1,,,1,8,,1020,1,,,1,3,,1111,1,,,1,5,,1002,1,,,1,3,,1123,1,,,1,4,,1006,1,,,1,5,,1060,1,,,1,3,,1151,1,,,1,5,,1083,1,,,1,4,,1064,1,,,1,44,,1098,1,,,1,4,,1043,1,,,1,4,,1100,1,,,1,4,,1096,1,,,1,4,,1025,1,,,1,4,,1140,1,,,1,4,,1021,1,,,1,4,,1112,1,,,1,4,,1003,1,,,1,4,,1124,1,,,1,3,,1007,1,,,1,4,,1061,1,,,1,5,,1152,1,,,1,4,,1084,1,,,1,4,,1065,1,,,1,44,,1099,1,,,1,4,,1044,1,,,1,4,,1101,1,,,1,4,,1097,1,,,1,4,,1026,1,,,1,4,,1141,1,,,1,4,,1022,1,,,1,4,,1113,1,,,1,4,,1004,1,,,1,4,,1125,1,,,1,4,,1008,1,,,1,4,,1062,1,,,1,4,,1153,1,,,1,4,,1085,1,,,1,4,,1066,1,,,1,47,,1045,1,,,1,6,,1102,1,,,1,7,,1027,1,,,1,5,,1142,1,,,1,7,,1114,1,,,1,7,,1126,1,,,1,6,,1009,1,,,1,6,,1154,1,,,1,6,,1086,1,,,1,47,,1067,1,,,1,6,,1046,1,,,1,6,,1103,1,,,1,6,,1028,1,,,1,6,,1143,1,,,1,6,,1115,1,,,1,6,,1127,1,,,1,6,,1010,1,,,1,6,,1155,1,,,1,6,,1087,1,,,1,46,,1068,1,,,1,6,,1047,1,,,1,6,,1104,1,,,1,6,,1029,1,,,1,6,,1144,1,,,1,6,,1116,1,,,1,6,,1128,1,,,1,6,,1011,1,,,1,6,,1156,1,,,1,6,,1088,1,,,1,46,,1069,1,,,1,6,,1048,1,,,1,6,,1105,1,,,1,6,,1030,1,,,1,6,,1145,1,,,1,6,,1117,1,,,1,6,,1129,1,,,1,6,,1012,1,,,1,6,,1157,1,,,1,6,,1089,1,,,1,46,,1070,1,,,1,6,,1049,1,,,1,6,,1106,1,,,1,6,,1031,1,,,1,6,,1146,1,,,1,6,,1118,1,,,1,6,,1130,1,,,1,6,,1013,1,,,1,6,,1158,1,,,1,6,,1090,1,,,1,46,,1071,1,,,1,6,,1050,1,,,1,6,,1107,1,,,1,6,,1032,1,,,1,6,,1147,1,,,1,6,,1119,1,,,1,5,,1131,1,,,1,5,,1176,1,,,1,4,,1014,1,,,1,4,,1159,1,,,1,4,,1190,1,,,1,4,,1091,1,,,1,44,,1072,1,,,1,4,,1163,1,,,1,4,,1051,1,,,1,4,,1108,1,,,1,4,,1166,1,,,1,4,,1033,1,,,1,4,,1148,1,,,1,4,,1180,1,,,1,4,,1120,1,,,1,4,,1132,1,,,1,4,,1177,1,,,1,4,,1015,1,,,1,4,,1160,1,,,1,4,,1191,1,,,1,4,,1092,1,,,1,44,,1073,1,,,1,4,,1164,1,,,1,4,,1052,1,,,1,4,,1109,1,,,1,4,,1167,1,,,1,4,,1034,1,,,1,4,,1149,1,,,1,4,,1181,1,,,1,4,,1121,1,,,1,4,,1133,1,,,1,4,,1178,1,,,1,4,,1016,1,,,1,4,,1161,1,,,1,4,,1192,1,,,1,4,,1093,1,,,1,44,,1074,1,,,1,4,,1165,1,,,1,4,,1053,1,,,1,4,,1110,1,,,1,4,,1168,1,,,1,4,,1035,1,,,1,4,,1150,1,,,1,4,,1182,1,,,1,4,,1122,1,,,1,4,,1134,1,,,1,4,,1179,1,,,1,4,,1017,1,,,1,4,,1162,1,,,1,4,,1193,1,,,1,4,,1094,1,,,1,44,,1075,1,,,1,8,,1054,1,,,1,8,,1169,1,,,1,6,,1036,1,,,1,8,,1183,1,,,1,8,,1135,1,,,1,7,,1018,1,,,1,7,,1194,1,,,1,48,,1076,1,,,1,8,,1055,1,,,1,8,,1170,1,,,1,7,,1037,1,,,1,8,,1184,1,,,1,11,,1136,1,,,1,10,,1195,1,,,1,48,,1077,1,,,1,9,,1056,1,,,1,8,,1171,1,,,1,9,,1038,1,,,1,8,,1185,1,,,1,9,,1137,1,,,1,8,,1196,1,,,1,49,,1078,1,,,1,8,,1057,1,,,1,9,,1172,1,,,1,8,,1039,1,,,1,9,,1186,1,,,1,8,,1138,1,,,1,9,,1197,1,,,1,8,,1079,1,,,1,49,,1058,1,,,1,8,,1173,1,,,1,9,,1040,1,,,1,8,,1187,1,,,1,9,,1139,1,,,1,9,,1198,1,,,1,8,,1080,1,,,1,57,,1174,1,,,1,17,,1188,1,,,1,17,,1199,1,,,1,53,,1081,1,,,1,15,,1175,1,,,1,15,,1189,1,,,1,17,,1200,1,,,1,52,,1082,1,,,1
101,'CFDSA-Saturday-03',604,,1260,1,,,1,8,,1320,1,,,1,9,,1280,1,,,1,9,,1201,1,,,1,8,,1221,1,,,1,9,,1300,1,,,1,9,,1241,1,,,1,48,,1261,1,,,1,9,,1321,1,,,1,9,,1281,1,,,1,8,,1202,1,,,1,9,,1222,1,,,1,9,,1301,1,,,1,8,,1242,1,,,1,49,,1262,1,,,1,9,,1322,1,,,1,8,,1282,1,,,1,9,,1203,1,,,1,9,,1223,1,,,1,8,,1302,1,,,1,9,,1243,1,,,1,49,,1263,1,,,1,8,,1323,1,,,1,9,,1283,1,,,1,9,,1204,1,,,1,8,,1224,1,,,1,9,,1303,1,,,1,9,,1244,1,,,1,48,,1264,1,,,1,9,,1324,1,,,1,9,,1284,1,,,1,8,,1205,1,,,1,9,,1225,1,,,1,9,,1304,1,,,1,8,,1245,1,,,1,49,,1265,1,,,1,9,,1325,1,,,1,8,,1285,1,,,1,9,,1206,1,,,1,9,,1226,1,,,1,8,,1305,1,,,1,9,,1246,1,,,1,49,,1266,1,,,1,8,,1326,1,,,1,9,,1286,1,,,1,9,,1207,1,,,1,8,,1227,1,,,1,9,,1306,1,,,1,49,,1247,1,,,1,8,,1267,1,,,1,9,,1327,1,,,1,9,,1287,1,,,1,8,,1208,1,,,1,9,,1228,1,,,1,9,,1307,1,,,1,48,,1248,1,,,1,9,,1268,1,,,1,9,,1328,1,,,1,8,,1288,1,,,1,9,,1209,1,,,1,9,,1229,1,,,1,8,,1308,1,,,1,49,,1249,1,,,1,9,,1269,1,,,1,8,,1329,1,,,1,9,,1289,1,,,1,9,,1210,1,,,1,8,,1230,1,,,1,9,,1309,1,,,1,49,,1250,1,,,1,8,,1270,1,,,1,9,,1330,1,,,1,9,,1290,1,,,1,8,,1211,1,,,1,9,,1231,1,,,1,9,,1310,1,,,1,48,,1251,1,,,1,9,,1271,1,,,1,9,,1331,1,,,1,8,,1291,1,,,1,9,,1212,1,,,1,9,,1232,1,,,1,8,,1311,1,,,1,49,,1252,1,,,1,9,,1272,1,,,1,8,,1332,1,,,1,9,,1292,1,,,1,9,,1213,1,,,1,8,,1233,1,,,1,9,,1312,1,,,1,49,,1253,1,,,1,8,,1273,1,,,1,9,,1333,1,,,1,9,,1293,1,,,1,8,,1214,1,,,1,9,,1234,1,,,1,9,,1313,1,,,1,48,,1254,1,,,1,9,,1274,1,,,1,9,,1334,1,,,1,8,,1294,1,,,1,9,,1215,1,,,1,9,,1235,1,,,1,8,,1314,1,,,1,49,,1255,1,,,1,9,,1275,1,,,1,8,,1335,1,,,1,9,,1295,1,,,1,9,,1216,1,,,1,8,,1236,1,,,1,9,,1315,1,,,1,49,,1256,1,,,1,8,,1276,1,,,1,9,,1336,1,,,1,9,,1296,1,,,1,8,,1217,1,,,1,9,,1237,1,,,1,9,,1316,1,,,1,48,,1257,1,,,1,9,,1277,1,,,1,9,,1337,1,,,1,8,,1297,1,,,1,9,,1218,1,,,1,9,,1238,1,,,1,8,,1317,1,,,1,49,,1258,1,,,1,9,,1278,1,,,1,8,,1338,1,,,1,9,,1298,1,,,1,9,,1219,1,,,1,8,,1239,1,,,1,9,,1318,1,,,1,49,,1259,1,,,1,8,,1279,1,,,1,9,,1339,1,,,1,9,,1299,1,,,1,8,,1220,1,,,1,9,,1240,1,,,1,49,,1319,1,,,1
101,'CFDSU-Sunday-03',802,,1384,1,,,1,10,,1429,1,,,1,10,,1399,1,,,1,9,,1340,1,,,1,9,,1355,1,,,1,8,,1414,1,,,1,9,,1370,1,,,1,49,,1385,1,,,1,8,,1430,1,,,1,9,,1400,1,,,1,9,,1341,1,,,1,8,,1356,1,,,1,9,,1415,1,,,1,9,,1371,1,,,1,48,,1386,1,,,1,9,,1431,1,,,1,9,,1401,1,,,1,8,,1342,1,,,1,9,,1357,1,,,1,9,,1416,1,,,1,8,,1372,1,,,1,49,,1387,1,,,1,9,,1432,1,,,1,8,,1402,1,,,1,9,,1343,1,,,1,9,,1358,1,,,1,8,,1417,1,,,1,9,,1373,1,,,1,49,,1388,1,,,1,8,,1433,1,,,1,9,,1403,1,,,1,9,,1344,1,,,1,8,,1359,1,,,1,9,,1418,1,,,1,49,,1374,1,,,1,8,,1389,1,,,1,9,,1434,1,,,1,9,,1404,1,,,1,8,,1345,1,,,1,9,,1360,1,,,1,9,,1419,1,,,1,48,,1375,1,,,1,9,,1390,1,,,1,9,,1435,1,,,1,8,,1405,1,,,1,9,,1346,1,,,1,9,,1361,1,,,1,8,,1420,1,,,1,49,,1376,1,,,1,9,,1391,1,,,1,8,,1436,1,,,1,9,,1406,1,,,1,9,,1347,1,,,1,8,,1362,1,,,1,9,,1421,1,,,1,49,,1377,1,,,1,8,,1392,1,,,1,9,,1437,1,,,1,9,,1407,1,,,1,8,,1348,1,,,1,9,,1363,1,,,1,9,,1422,1,,,1,48,,1378,1,,,1,9,,1393,1,,,1,9,,1438,1,,,1,8,,1408,1,,,1,9,,1349,1,,,1,9,,1364,1,,,1,8,,1423,1,,,1,49,,1379,1,,,1,9,,1394,1,,,1,8,,1439,1,,,1,9,,1409,1,,,1,9,,1350,1,,,1,8,,1365,1,,,1,9,,1424,1,,,1,49,,1380,1,,,1,8,,1395,1,,,1,9,,1440,1,,,1,9,,1410,1,,,1,8,,1351,1,,,1,9,,1366,1,,,1,9,,1425,1,,,1,48,,1381,1,,,1,9,,1396,1,,,1,9,,1441,1,,,1,8,,1411,1,,,1,9,,1352,1,,,1,9,,1367,1,,,1,8,,1426,1,,,1,49,,1382,1,,,1,9,,1397,1,,,1,8,,1442,1,,,1,9,,1412,1,,,1,9,,1353,1,,,1,8,,1368,1,,,1,9,,1427,1,,,1,49,,1383,1,,,1,8,,1398,1,,,1,9,,1443,1,,,1,9,,1413,1,,,1,8,,1354,1,,,1,9,,1369,1,,,1,51,,1428,1,,,1
101,'CFDSU-Sunday-04',600,,1555,1,,,1,15,,1554,1,,,1,15,,1553,1,,,1,15,,1551,1,,,1,55,,1552,1,,,1,15,,1548,1,,,1,15,,1550,1,,,1,15,,1549,1,,,1,57,,1488,1,,,1,10,,1533,1,,,1,10,,1503,1,,,1,9,,1444,1,,,1,9,,1459,1,,,1,8,,1518,1,,,1,9,,1474,1,,,1,49,,1489,1,,,1,8,,1534,1,,,1,9,,1504,1,,,1,9,,1445,1,,,1,8,,1460,1,,,1,9,,1519,1,,,1,9,,1475,1,,,1,48,,1490,1,,,1,9,,1535,1,,,1,9,,1505,1,,,1,8,,1446,1,,,1,9,,1461,1,,,1,9,,1520,1,,,1,8,,1476,1,,,1,49,,1491,1,,,1,9,,1536,1,,,1,8,,1506,1,,,1,9,,1447,1,,,1,9,,1462,1,,,1,8,,1521,1,,,1,9,,1477,1,,,1,49,,1492,1,,,1,8,,1537,1,,,1,9,,1507,1,,,1,9,,1448,1,,,1,8,,1463,1,,,1,9,,1522,1,,,1,49,,1478,1,,,1,8,,1493,1,,,1,9,,1538,1,,,1,9,,1508,1,,,1,8,,1449,1,,,1,9,,1464,1,,,1,9,,1523,1,,,1,48,,1479,1,,,1,9,,1494,1,,,1,9,,1539,1,,,1,8,,1509,1,,,1,9,,1450,1,,,1,9,,1465,1,,,1,8,,1524,1,,,1,49,,1480,1,,,1,9,,1495,1,,,1,8,,1540,1,,,1,9,,1510,1,,,1,9,,1451,1,,,1,8,,1466,1,,,1,9,,1525,1,,,1,49,,1481,1,,,1,8,,1496,1,,,1,9,,1541,1,,,1,9,,1511,1,,,1,8,,1452,1,,,1,9,,1467,1,,,1,9,,1526,1,,,1,48,,1482,1,,,1,9,,1497,1,,,1,9,,1542,1,,,1,8,,1512,1,,,1,9,,1453,1,,,1,9,,1468,1,,,1,8,,1527,1,,,1,49,,1483,1,,,1,9,,1498,1,,,1,8,,1543,1,,,1,9,,1513,1,,,1,9,,1454,1,,,1,8,,1469,1,,,1,9,,1528,1,,,1,49,,1484,1,,,1,8,,1499,1,,,1,9,,1544,1,,,1,9,,1514,1,,,1,8,,1455,1,,,1,9,,1470,1,,,1,9,,1529,1,,,1,48,,1485,1,,,1,9,,1500,1,,,1,9,,1545,1,,,1,8,,1515,1,,,1,9,,1456,1,,,1,9,,1471,1,,,1,8,,1530,1,,,1,49,,1486,1,,,1,9,,1501,1,,,1,8,,1546,1,,,1,9,,1516,1,,,1,9,,1457,1,,,1,8,,1472,1,,,1,9,,1531,1,,,1,49,,1487,1,,,1,8,,1502,1,,,1,9,,1547,1,,,1,9,,1517,1,,,1,8,,1458,1,,,1,9,,1473,1,,,1,51,,1532,1,,,1
