100,'CFDFri-Weekday-03',510,,1,6,,,1,8,,6,6,,,1,7,,67,6,,,1,11,,72,6,,,1,8,,46,6,,,1,10,,25,6,,,1,49,,21,6,,,1,8,,2,6,,,1,8,,7,6,,,1,6,,68,6,,,1,6,,93,6,,,1,6,,73,6,,,1,4,,109,6,,,1,4,,47,6,,,1,3,,112,6,,,1,4,,106,6,,,1,5,,26,6,,,1,43,,155,6,,,1,5,,22,6,,,1,3,,124,6,,,1,5,,3,6,,,1,3,,136,6,,,1,4,,8,6,,,1,4,,69,6,,,1,4,,167,6,,,1,5,,94,6,,,1,4,,74,6,,,1,4,,110,6,,,1,4,,48,6,,,1,4,,113,6,,,1,4,,107,6,,,1,4,,27,6,,,1,44,,156,6,,,1,4,,23,6,,,1,4,,125,6,,,1,4,,4,6,,,1,4,,137,6,,,1,4,,9,6,,,1,4,,70,6,,,1,4,,168,6,,,1,4,,95,6,,,1,4,,75,6,,,1,4,,111,6,,,1,4,,49,6,,,1,3,,114,6,,,1,5,,108,6,,,1,4,,28,6,,,1,43,,157,6,,,1,5,,24,6,,,1,3,,126,6,,,1,5,,5,6,,,1,3,,138,6,,,1,4,,10,6,,,1,4,,71,6,,,1,4,,169,6,,,1,6,,96,6,,,1,6,,76,6,,,1,7,,50,6,,,1,5,,115,6,,,1,7,,29,6,,,1,45,,158,6,,,1,6,,127,6,,,1,6,,139,6,,,1,7,,11,6,,,1,5,,170,6,,,1,7,,97,6,,,1,6,,77,6,,,1,6,,51,6,,,1,6,,116,6,,,1,6,,30,6,,,1,46,,159,6,,,1,6,,128,6,,,1,6,,140,6,,,1,6,,12,6,,,1,6,,171,6,,,1,6,,98,6,,,1,6,,78,6,,,1,6,,52,6,,,1,6,,117,6,,,1,6,,31,6,,,1,46,,160,6,,,1,6,,129,6,,,1,6,,141,6,,,1,6,,13,6,,,1,6,,172,6,,,1,6,,99,6,,,1,6,,79,6,,,1,6,,53,6,,,1,6,,118,6,,,1,6,,32,6,,,1,46,,161,6,,,1,6,,130,6,,,1,6,,142,6,,,1,6,,14,6,,,1,6,,173,6,,,1,6,,100,6,,,1,6,,80,6,,,1,6,,54,6,,,1,6,,119,6,,,1,6,,33,6,,,1,46,,162,6,,,1,6,,131,6,,,1,6,,143,6,,,1,6,,15,6,,,1,6,,174,6,,,1,6,,101,6,,,1,5,,81,6,,,1,4,,179,6,,,1,5,,55,6,,,1,4,,120,6,,,1,3,,183,6,,,1,45,,34,6,,,1,4,,163,6,,,1,3,,199,6,,,1,5,,132,6,,,1,4,,144,6,,,1,3,,195,6,,,1,5,,16,6,,,1,4,,175,6,,,1,3,,211,6,,,1,5,,102,6,,,1,4,,82,6,,,1,3,,180,6,,,1,5,,56,6,,,1,4,,121,6,,,1,3,,184,6,,,1,45,,35,6,,,1,4,,164,6,,,1,3,,200,6,,,1,5,,133,6,,,1,4,,145,6,,,1,3,,196,6,,,1,5,,17,6,,,1,4,,176,6,,,1,3,,212,6,,,1,5,,103,6,,,1,4,,83,6,,,1,4,,181,6,,,1,4,,57,6,,,1,4,,122,6,,,1,4,,185,6,,,1,44,,36,6,,,1,4,,165,6,,,1,4,,201,6,,,1,4,,134,6,,,1,4,,146,6,,,1,4,,197,6,,,1,4,,18,6,,,1,4,,177,6,,,1,4,,213,6,,,1,4,,104,6,,,1,4,,84,6,,,1,4,,182,6,,,1,4,,58,6,,,1,4,,123,6,,,1,4,,186,6,,,1,44,,37,6,,,1,4,,166,6,,,1,4,,202,6,,,1,4,,135,6,,,1,5,,147,6,,,1,3,,198,6,,,1,4,,19,6,,,1,4,,178,6,,,1,4,,214,6,,,1,4,,105,6,,,1,5,,85,6,,,1,7,,59,6,,,1,8,,187,6,,,1,47,,38,6,,,1,7,,203,6,,,1,8,,148,6,,,1,7,,20,6,,,1,7,,215,6,,,1,8,,86,6,,,1,9,,60,6,,,1,8,,188,6,,,1,49,,39,6,,,1,8,,204,6,,,1,9,,149,6,,,1,9,,216,6,,,1,8,,87,6,,,1,8,,61,6,,,1,9,,189,6,,,1,48,,40,6,,,1,9,,205,6,,,1,8,,150,6,,,1,9,,217,6,,,1,9,,88,6,,,1,8,,62,6,,,1,8,,190,6,,,1,49,,41,6,,,1,8,,206,6,,,1,9,,151,6,,,1,9,,218,6,,,1,8,,89,6,,,1,9,,63,6,,,1,8,,191,6,,,1,48,,42,6,,,1,9,,207,6,,,1,8,,152,6,,,1,9,,219,6,,,1,8,,90,6,,,1,9,,64,6,,,1,8,,192,6,,,1,49,,43,6,,,1,8,,208,6,,,1,9,,153,6,,,1,8,,220,6,,,1,9,,91,6,,,1,8,,65,6,,,1,9,,193,6,,,1,48,,44,6,,,1,9,,209,6,,,1,8,,154,6,,,1,9,,221,6,,,1,8,,92,6,,,1,9,,66,6,,,1,8,,194,6,,,1,49,,45,6,,,1,8,,210,6,,,1
100,'CFDMTh-Weekday-03',510,,222,6,,,1,8,,227,6,,,1,7,,282,6,,,1,11,,287,6,,,1,8,,264,6,,,1,10,,246,6,,,1,49,,242,6,,,1,8,,223,6,,,1,8,,228,6,,,1,6,,283,6,,,1,6,,307,6,,,1,6,,288,6,,,1,4,,323,6,,,1,4,,265,6,,,1,3,,326,6,,,1,4,,320,6,,,1,5,,247,6,,,1,43,,367,6,,,1,5,,243,6,,,1,3,,338,6,,,1,5,,224,6,,,1,3,,350,6,,,1,4,,229,6,,,1,4,,284,6,,,1,4,,379,6,,,1,5,,308,6,,,1,4,,289,6,,,1,4,,324,6,,,1,4,,266,6,,,1,4,,327,6,,,1,4,,321,6,,,1,4,,248,6,,,1,44,,368,6,,,1,4,,244,6,,,1,4,,339,6,,,1,4,,225,6,,,1,4,,351,6,,,1,4,,230,6,,,1,4,,285,6,,,1,4,,380,6,,,1,4,,309,6,,,1,4,,290,6,,,1,4,,325,6,,,1,4,,267,6,,,1,3,,328,6,,,1,5,,322,6,,,1,4,,249,6,,,1,43,,369,6,,,1,5,,245,6,,,1,3,,340,6,,,1,5,,226,6,,,1,3,,352,6,,,1,4,,231,6,,,1,4,,286,6,,,1,4,,381,6,,,1,6,,310,6,,,1,6,,291,6,,,1,7,,268,6,,,1,5,,329,6,,,1,7,,250,6,,,1,45,,370,6,,,1,6,,341,6,,,1,6,,353,6,,,1,7,,232,6,,,1,5,,382,6,,,1,7,,311,6,,,1,6,,292,6,,,1,6,,269,6,,,1,6,,330,6,,,1,6,,251,6,,,1,46,,371,6,,,1,6,,342,6,,,1,6,,354,6,,,1,6,,233,6,,,1,6,,383,6,,,1,6,,312,6,,,1,6,,293,6,,,1,6,,270,6,,,1,6,,331,6,,,1,6,,252,6,,,1,46,,372,6,,,1,6,,343,6,,,1,6,,355,6,,,1,6,,234,6,,,1,6,,384,6,,,1,6,,313,6,,,1,6,,294,6,,,1,6,,271,6,,,1,6,,332,6,,,1,6,,253,6,,,1,46,,373,6,,,1,6,,344,6,,,1,6,,356,6,,,1,6,,235,6,,,1,6,,385,6,,,1,6,,314,6,,,1,6,,295,6,,,1,6,,272,6,,,1,6,,333,6,,,1,6,,254,6,,,1,46,,374,6,,,1,6,,345,6,,,1,6,,357,6,,,1,6,,236,6,,,1,6,,386,6,,,1,6,,315,6,,,1,5,,296,6,,,1,4,,391,6,,,1,5,,273,6,,,1,4,,334,6,,,1,3,,395,6,,,1,45,,255,6,,,1,4,,375,6,,,1,3,,410,6,,,1,5,,346,6,,,1,4,,358,6,,,1,3,,406,6,,,1,5,,237,6,,,1,4,,387,6,,,1,3,,421,6,,,1,5,,316,6,,,1,4,,297,6,,,1,3,,392,6,,,1,5,,274,6,,,1,4,,335,6,,,1,3,,396,6,,,1,45,,256,6,,,1,4,,376,6,,,1,3,,411,6,,,1,5,,347,6,,,1,4,,359,6,,,1,3,,407,6,,,1,5,,238,6,,,1,4,,388,6,,,1,3,,422,6,,,1,5,,317,6,,,1,4,,298,6,,,1,4,,393,6,,,1,4,,275,6,,,1,4,,336,6,,,1,4,,397,6,,,1,44,,257,6,,,1,4,,377,6,,,1,4,,412,6,,,1,4,,348,6,,,1,4,,360,6,,,1,4,,408,6,,,1,4,,239,6,,,1,4,,389,6,,,1,4,,423,6,,,1,4,,318,6,,,1,4,,299,6,,,1,4,,394,6,,,1,4,,276,6,,,1,4,,337,6,,,1,4,,398,6,,,1,44,,258,6,,,1,4,,378,6,,,1,4,,413,6,,,1,4,,349,6,,,1,5,,361,6,,,1,3,,409,6,,,1,4,,240,6,,,1,4,,390,6,,,1,4,,424,6,,,1,4,,319,6,,,1,5,,300,6,,,1,7,,277,6,,,1,8,,399,6,,,1,47,,259,6,,,1,7,,414,6,,,1,8,,362,6,,,1,7,,241,6,,,1,7,,425,6,,,1,8,,301,6,,,1,9,,278,6,,,1,8,,400,6,,,1,49,,260,6,,,1,8,,415,6,,,1,9,,363,6,,,1,9,,426,6,,,1,8,,302,6,,,1,8,,279,6,,,1,9,,401,6,,,1,48,,261,6,,,1,9,,416,6,,,1,8,,364,6,,,1,9,,427,6,,,1,9,,303,6,,,1,8,,280,6,,,1,8,,402,6,,,1,49,,262,6,,,1,8,,417,6,,,1,9,,365,6,,,1,9,,428,6,,,1,8,,304,6,,,1,9,,281,6,,,1,8,,403,6,,,1,49,,263,6,,,1,8,,418,6,,,1,9,,366,6,,,1,8,,429,6,,,1,13,,305,6,,,1,14,,404,6,,,1,56,,419,6,,,1,17,,430,6,,,1,13,,306,6,,,1,15,,405,6,,,1,55,,420,6,,,1
100,'CFDSA-Saturday-03',611,,431,6,,,1,8,,451,6,,,1,9,,530,6,,,1,9,,471,6,,,1,8,,491,6,,,1,9,,550,6,,,1,49,,511,6,,,1,8,,432,6,,,1,9,,452,6,,,1,9,,531,6,,,1,8,,472,6,,,1,9,,492,6,,,1,9,,551,6,,,1,48,,512,6,,,1,9,,433,6,,,1,9,,453,6,,,1,8,,532,6,,,1,9,,473,6,,,1,9,,493,6,,,1,8,,552,6,,,1,49,,513,6,,,1,9,,434,6,,,1,8,,454,6,,,1,9,,533,6,,,1,9,,474,6,,,1,8,,494,6,,,1,9,,553,6,,,1,49,,514,6,,,1,8,,435,6,,,1,9,,455,6,,,1,9,,534,6,,,1,8,,475,6,,,1,9,,495,6,,,1,9,,554,6,,,1,48,,515,6,,,1,9,,436,6,,,1,9,,456,6,,,1,8,,535,6,,,1,9,,476,6,,,1,9,,496,6,,,1,8,,555,6,,,1,49,,516,6,,,1,9,,437,6,,,1,8,,457,6,,,1,9,,536,6,,,1,9,,477,6,,,1,8,,497,6,,,1,9,,556,6,,,1,49,,517,6,,,1,8,,438,6,,,1,9,,458,6,,,1,9,,537,6,,,1,8,,478,6,,,1,9,,498,6,,,1,9,,557,6,,,1,48,,518,6,,,1,9,,439,6,,,1,9,,459,6,,,1,8,,538,6,,,1,9,,479,6,,,1,9,,499,6,,,1,8,,558,6,,,1,49,,519,6,,,1,9,,440,6,,,1,8,,460,6,,,1,9,,539,6,,,1,9,,480,6,,,1,8,,500,6,,,1,49,,559,6,,,1,9,,520,6,,,1,8,,441,6,,,1,9,,461,6,,,1,9,,540,6,,,1,8,,481,6,,,1,9,,501,6,,,1,49,,560,6,,,1,8,,521,6,,,1,9,,442,6,,,1,9,,462,6,,,1,8,,541,6,,,1,9,,482,6,,,1,9,,502,6,,,1,48,,561,6,,,1,9,,522,6,,,1,9,,443,6,,,1,8,,463,6,,,1,9,,542,6,,,1,9,,483,6,,,1,8,,503,6,,,1,49,,562,6,,,1,9,,523,6,,,1,8,,444,6,,,1,9,,464,6,,,1,9,,543,6,,,1,8,,484,6,,,1,9,,504,6,,,1,49,,563,6,,,1,8,,524,6,,,1,9,,445,6,,,1,9,,465,6,,,1,8,,544,6,,,1,9,,485,6,,,1,9,,505,6,,,1,48,,564,6,,,1,9,,525,6,,,1,9,,446,6,,,1,8,,466,6,,,1,9,,545,6,,,1,9,,486,6,,,1,8,,506,6,,,1,49,,565,6,,,1,9,,526,6,,,1,8,,447,6,,,1,9,,467,6,,,1,9,,546,6,,,1,8,,487,6,,,1,9,,507,6,,,1,49,,566,6,,,1,8,,527,6,,,1,9,,448,6,,,1,9,,468,6,,,1,8,,547,6,,,1,9,,488,6,,,1,9,,508,6,,,1,48,,567,6,,,1,9,,528,6,,,1,9,,449,6,,,1,8,,469,6,,,1,9,,548,6,,,1,9,,489,6,,,1,8,,509,6,,,1,49,,568,6,,,1,9,,529,6,,,1,8,,450,6,,,1,9,,470,6,,,1,9,,549,6,,,1,8,,490,6,,,1,9,,510,6,,,1,53,,569,6,,,1
100,'CFDSU-Sunday-03',811,,570,6,,,1,9,,585,6,,,1,9,,645,6,,,1,8,,600,6,,,1,8,,615,6,,,1,10,,660,6,,,1,49,,630,6,,,1,9,,571,6,,,1,8,,586,6,,,1,9,,646,6,,,1,9,,601,6,,,1,8,,616,6,,,1,9,,661,6,,,1,49,,631,6,,,1,8,,572,6,,,1,9,,587,6,,,1,9,,647,6,,,1,8,,602,6,,,1,9,,617,6,,,1,9,,662,6,,,1,48,,632,6,,,1,9,,573,6,,,1,9,,588,6,,,1,8,,648,6,,,1,9,,603,6,,,1,9,,618,6,,,1,8,,663,6,,,1,49,,633,6,,,1,9,,574,6,,,1,8,,589,6,,,1,9,,649,6,,,1,9,,604,6,,,1,8,,619,6,,,1,9,,664,6,,,1,49,,634,6,,,1,8,,575,6,,,1,9,,590,6,,,1,9,,650,6,,,1,8,,605,6,,,1,9,,620,6,,,1,9,,665,6,,,1,48,,635,6,,,1,9,,576,6,,,1,9,,591,6,,,1,8,,651,6,,,1,9,,606,6,,,1,9,,621,6,,,1,8,,666,6,,,1,49,,636,6,,,1,9,,577,6,,,1,8,,592,6,,,1,9,,652,6,,,1,9,,607,6,,,1,8,,622,6,,,1,49,,667,6,,,1,9,,637,6,,,1,8,,578,6,,,1,9,,593,6,,,1,9,,653,6,,,1,8,,608,6,,,1,9,,623,6,,,1,49,,668,6,,,1,8,,638,6,,,1,9,,579,6,,,1,9,,594,6,,,1,8,,654,6,,,1,9,,609,6,,,1,9,,624,6,,,1,48,,669,6,,,1,9,,639,6,,,1,9,,580,6,,,1,8,,595,6,,,1,9,,655,6,,,1,9,,610,6,,,1,8,,625,6,,,1,49,,670,6,,,1,9,,640,6,,,1,8,,581,6,,,1,9,,596,6,,,1,9,,656,6,,,1,8,,611,6,,,1,9,,626,6,,,1,49,,671,6,,,1,8,,641,6,,,1,9,,582,6,,,1,9,,597,6,,,1,8,,657,6,,,1,9,,612,6,,,1,9,,627,6,,,1,48,,672,6,,,1,9,,642,6,,,1,9,,583,6,,,1,8,,598,6,,,1,9,,658,6,,,1,9,,613,6,,,1,8,,628,6,,,1,49,,673,6,,,1,9,,643,6,,,1,8,,584,6,,,1,9,,599,6,,,1,9,,659,6,,,1,8,,614,6,,,1,9,,629,6,,,1,49,,674,6,,,1,8,,644,6,,,1
100,'CFDSU-Sunday-04',611,,782,6,,,1,15,,783,6,,,1,15,,784,6,,,1,15,,785,6,,,1,55,,781,6,,,1,15,,787,6,,,1,15,,786,6,,,1,15,,780,6,,,1,55,,675,6,,,1,9,,690,6,,,1,9,,750,6,,,1,8,,705,6,,,1,8,,720,6,,,1,10,,765,6,,,1,49,,735,6,,,1,9,,676,6,,,1,8,,691,6,,,1,9,,751,6,,,1,9,,706,6,,,1,8,,721,6,,,1,9,,766,6,,,1,49,,736,6,,,1,8,,677,6,,,1,9,,692,6,,,1,9,,752,6,,,1,8,,707,6,,,1,9,,722,6,,,1,9,,767,6,,,1,48,,737,6,,,1,9,,678,6,,,1,9,,693,6,,,1,8,,753,6,,,1,9,,708,6,,,1,9,,723,6,,,1,8,,768,6,,,1,49,,738,6,,,1,9,,679,6,,,1,8,,694,6,,,1,9,,754,6,,,1,9,,709,6,,,1,8,,724,6,,,1,9,,769,6,,,1,49,,739,6,,,1,8,,680,6,,,1,9,,695,6,,,1,9,,755,6,,,1,8,,710,6,,,1,9,,725,6,,,1,9,,770,6,,,1,48,,740,6,,,1,9,,681,6,,,1,9,,696,6,,,1,8,,756,6,,,1,9,,711,6,,,1,9,,726,6,,,1,8,,771,6,,,1,49,,741,6,,,1,9,,682,6,,,1,8,,697,6,,,1,9,,757,6,,,1,9,,712,6,,,1,8,,727,6,,,1,49,,772,6,,,1,9,,742,6,,,1,8,,683,6,,,1,9,,698,6,,,1,9,,758,6,,,1,8,,713,6,,,1,9,,728,6,,,1,49,,773,6,,,1,8,,743,6,,,1,9,,684,6,,,1,9,,699,6,,,1,8,,759,6,,,1,9,,714,6,,,1,9,,729,6,,,1,48,,774,6,,,1,9,,744,6,,,1,9,,685,6,,,1,8,,700,6,,,1,9,,760,6,,,1,9,,715,6,,,1,8,,730,6,,,1,49,,775,6,,,1,9,,745,6,,,1,8,,686,6,,,1,9,,701,6,,,1,9,,761,6,,,1,8,,716,6,,,1,9,,731,6,,,1,49,,776,6,,,1,8,,746,6,,,1,9,,687,6,,,1,9,,702,6,,,1,8,,762,6,,,1,9,,717,6,,,1,9,,732,6,,,1,48,,777,6,,,1,9,,747,6,,,1,9,,688,6,,,1,8,,703,6,,,1,9,,763,6,,,1,9,,718,6,,,1,8,,733,6,,,1,49,,778,6,,,1,9,,748,6,,,1,8,,689,6,,,1,9,,704,6,,,1,9,,764,6,,,1,8,,719,6,,,1,9,,734,6,,,1,49,,779,6,,,1,8,,749,6,,,1
101,'CFDFri-Weekday-03',518,,831,8,,,1,9,,810,8,,,1,11,,806,8,,,1,9,,788,8,,,1,9,,792,8,,,1,46,,852,8,,,1,12,,856,8,,,1,7,,832,8,,,1,7,,889,8,,,1,6,,811,8,,,1,8,,807,8,,,1,3,,905,8,,,1,5,,789,8,,,1,3,,917,8,,,1,4,,793,8,,,1,45,,853,8,,,1,3,,948,8,,,1,5,,877,8,,,1,4,,857,8,,,1,4,,892,8,,,1,4,,833,8,,,1,4,,894,8,,,1,4,,890,8,,,1,4,,812,8,,,1,4,,937,8,,,1,4,,808,8,,,1,4,,906,8,,,1,4,,790,8,,,1,4,,918,8,,,1,3,,794,8,,,1,44,,854,8,,,1,5,,949,8,,,1,4,,878,8,,,1,4,,858,8,,,1,4,,893,8,,,1,4,,834,8,,,1,4,,895,8,,,1,4,,891,8,,,1,4,,813,8,,,1,4,,938,8,,,1,4,,809,8,,,1,4,,907,8,,,1,4,,791,8,,,1,4,,919,8,,,1,4,,795,8,,,1,44,,855,8,,,1,4,,950,8,,,1,4,,879,8,,,1,4,,859,8,,,1,6,,835,8,,,1,6,,896,8,,,1,7,,814,8,,,1,5,,939,8,,,1,7,,908,8,,,1,7,,920,8,,,1,6,,796,8,,,1,46,,951,8,,,1,6,,880,8,,,1,7,,860,8,,,1,6,,836,8,,,1,6,,897,8,,,1,6,,815,8,,,1,6,,940,8,,,1,6,,909,8,,,1,6,,921,8,,,1,6,,797,8,,,1,46,,952,8,,,1,6,,881,8,,,1,6,,861,8,,,1,6,,837,8,,,1,6,,898,8,,,1,6,,816,8,,,1,6,,941,8,,,1,6,,910,8,,,1,6,,922,8,,,1,6,,798,8,,,1,46,,953,8,,,1,6,,882,8,,,1,6,,862,8,,,1,6,,838,8,,,1,6,,899,8,,,1,6,,817,8,,,1,6,,942,8,,,1,6,,911,8,,,1,6,,923,8,,,1,6,,799,8,,,1,46,,954,8,,,1,6,,883,8,,,1,6,,863,8,,,1,6,,839,8,,,1,6,,900,8,,,1,6,,818,8,,,1,6,,943,8,,,1,6,,912,8,,,1,6,,924,8,,,1,6,,800,8,,,1,46,,955,8,,,1,6,,884,8,,,1,6,,864,8,,,1,6,,840,8,,,1,6,,901,8,,,1,6,,819,8,,,1,6,,944,8,,,1,7,,913,8,,,1,5,,925,8,,,1,5,,974,8,,,1,44,,801,8,,,1,4,,956,8,,,1,4,,989,8,,,1,4,,885,8,,,1,4,,865,8,,,1,4,,960,8,,,1,4,,841,8,,,1,4,,902,8,,,1,4,,963,8,,,1,4,,820,8,,,1,4,,945,8,,,1,4,,978,8,,,1,4,,914,8,,,1,4,,926,8,,,1,4,,975,8,,,1,44,,802,8,,,1,4,,957,8,,,1,4,,990,8,,,1,4,,886,8,,,1,4,,866,8,,,1,4,,961,8,,,1,4,,842,8,,,1,4,,903,8,,,1,4,,964,8,,,1,4,,821,8,,,1,4,,946,8,,,1,4,,979,8,,,1,4,,915,8,,,1,4,,927,8,,,1,4,,976,8,,,1,44,,803,8,,,1,4,,958,8,,,1,4,,991,8,,,1,4,,887,8,,,1,4,,867,8,,,1,4,,962,8,,,1,4,,843,8,,,1,4,,904,8,,,1,4,,965,8,,,1,4,,822,8,,,1,4,,947,8,,,1,4,,980,8,,,1,4,,916,8,,,1,4,,928,8,,,1,4,,977,8,,,1,44,,804,8,,,1,4,,959,8,,,1,4,,992,8,,,1,4,,888,8,,,1,4,,868,8,,,1,8,,844,8,,,1,8,,966,8,,,1,6,,823,8,,,1,8,,981,8,,,1,8,,929,8,,,1,47,,805,8,,,1,7,,993,8,,,1,8,,869,8,,,1,8,,845,8,,,1,8,,967,8,,,1,7,,824,8,,,1,8,,982,8,,,1,51,,930,8,,,1,10,,994,8,,,1,8,,870,8,,,1,9,,846,8,,,1,8,,968,8,,,1,9,,825,8,,,1,8,,983,8,,,1,49,,931,8,,,1,8,,995,8,,,1,9,,871,8,,,1,8,,847,8,,,1,9,,969,8,,,1,8,,826,8,,,1,9,,984,8,,,1,48,,932,8,,,1,9,,996,8,,,1,8,,872,8,,,1,9,,848,8,,,1,8,,970,8,,,1,9,,827,8,,,1,8,,985,8,,,1,49,,933,8,,,1,8,,997,8,,,1,9,,873,8,,,1,8,,849,8,,,1,9,,971,8,,,1,8,,828,8,,,1,9,,986,8,,,1,8,,934,8,,,1,49,,998,8,,,1,8,,874,8,,,1,9,,850,8,,,1,8,,972,8,,,1,9,,829,8,,,1,8,,987,8,,,1,9,,935,8,,,1,48,,999,8,,,1,9,,875,8,,,1,8,,851,8,,,1,9,,973,8,,,1,8,,830,8,,,1,9,,988,8,,,1,8,,936,8,,,1,49,,1000,8,,,1,11,,876,8,,,1
101,'CFDMTh-Weekday-03',518,,1041,8,,,1,9,,1023,8,,,1,11,,1019,8,,,1,9,,1001,8,,,1,9,,1005,8,,,1,46,,1059,8,,,1,12,,1063,8,,,1,7,,1042,8,,,1,7,,1095,8,,,1,6,,1024,8,,,1,8,,1020,8,,,1,3,,1111,8,,,1,5,,1002,8,,,1,3,,1123,8,,,1,4,,1006,8,,,1,45,,1060,8,,,1,3,,1151,8,,,1,5,,1083,8,,,1,4,,1064,8,,,1,4,,1098,8,,,1,4,,1043,8,,,1,4,,1100,8,,,1,4,,1096,8,,,1,4,,1025,8,,,1,4,,1140,8,,,1,4,,1021,8,,,1,4,,1112,8,,,1,4,,1003,8,,,1,4,,1124,8,,,1,3,,1007,8,,,1,44,,1061,8,,,1,5,,1152,8,,,1,4,,1084,8,,,1,4,,1065,8,,,1,4,,1099,8,,,1,4,,1044,8,,,1,4,,1101,8,,,1,4,,1097,8,,,1,4,,1026,8,,,1,4,,1141,8,,,1,4,,1022,8,,,1,4,,1113,8,,,1,4,,1004,8,,,1,4,,1125,8,,,1,4,,1008,8,,,1,44,,1062,8,,,1,4,,1153,8,,,1,4,,1085,8,,,1,4,,1066,8,,,1,6,,1045,8,,,1,6,,1102,8,,,1,7,,1027,8,,,1,5,,1142,8,,,1,7,,1114,8,,,1,7,,1126,8,,,1,6,,1009,8,,,1,46,,1154,8,,,1,6,,1086,8,,,1,7,,1067,8,,,1,6,,1046,8,,,1,6,,1103,8,,,1,6,,1028,8,,,1,6,,1143,8,,,1,6,,1115,8,,,1,6,,1127,8,,,1,6,,1010,8,,,1,46,,1155,8,,,1,6,,1087,8,,,1,6,,1068,8,,,1,6,,1047,8,,,1,6,,1104,8,,,1,6,,1029,8,,,1,6,,1144,8,,,1,6,,1116,8,,,1,6,,1128,8,,,1,6,,1011,8,,,1,46,,1156,8,,,1,6,,1088,8,,,1,6,,1069,8,,,1,6,,1048,8,,,1,6,,1105,8,,,1,6,,1030,8,,,1,6,,1145,8,,,1,6,,1117,8,,,1,6,,1129,8,,,1,6,,1012,8,,,1,46,,1157,8,,,1,6,,1089,8,,,1,6,,1070,8,,,1,6,,1049,8,,,1,6,,1106,8,,,1,6,,1031,8,,,1,6,,1146,8,,,1,6,,1118,8,,,1,6,,1130,8,,,1,6,,1013,8,,,1,46,,1158,8,,,1,6,,1090,8,,,1,6,,1071,8,,,1,6,,1050,8,,,1,6,,1107,8,,,1,6,,1032,8,,,1,6,,1147,8,,,1,7,,1119,8,,,1,5,,1131,8,,,1,5,,1176,8,,,1,44,,1014,8,,,1,4,,1159,8,,,1,4,,1190,8,,,1,4,,1091,8,,,1,4,,1072,8,,,1,4,,1163,8,,,1,4,,1051,8,,,1,4,,1108,8,,,1,4,,1166,8,,,1,4,,1033,8,,,1,4,,1148,8,,,1,4,,1180,8,,,1,4,,1120,8,,,1,4,,1132,8,,,1,4,,1177,8,,,1,44,,1015,8,,,1,4,,1160,8,,,1,4,,1191,8,,,1,4,,1092,8,,,1,4,,1073,8,,,1,4,,1164,8,,,1,4,,1052,8,,,1,4,,1109,8,,,1,4,,1167,8,,,1,4,,1034,8,,,1,4,,1149,8,,,1,4,,1181,8,,,1,4,,1121,8,,,1,4,,1133,8,,,1,4,,1178,8,,,1,44,,1016,8,,,1,4,,1161,8,,,1,4,,1192,8,,,1,4,,1093,8,,,1,4,,1074,8,,,1,4,,1165,8,,,1,4,,1053,8,,,1,4,,1110,8,,,1,4,,1168,8,,,1,4,,1035,8,,,1,4,,1150,8,,,1,4,,1182,8,,,1,4,,1122,8,,,1,4,,1134,8,,,1,4,,1179,8,,,1,44,,1017,8,,,1,4,,1162,8,,,1,4,,1193,8,,,1,4,,1094,8,,,1,4,,1075,8,,,1,8,,1054,8,,,1,8,,1169,8,,,1,6,,1036,8,,,1,8,,1183,8,,,1,8,,1135,8,,,1,47,,1018,8,,,1,7,,1194,8,,,1,8,,1076,8,,,1,8,,1055,8,,,1,8,,1170,8,,,1,7,,1037,8,,,1,8,,1184,8,,,1,51,,1136,8,,,1,10,,1195,8,,,1,8,,1077,8,,,1,9,,1056,8,,,1,8,,1171,8,,,1,9,,1038,8,,,1,8,,1185,8,,,1,49,,1137,8,,,1,8,,1196,8,,,1,9,,1078,8,,,1,8,,1057,8,,,1,9,,1172,8,,,1,8,,1039,8,,,1,9,,1186,8,,,1,48,,1138,8,,,1,9,,1197,8,,,1,8,,1079,8,,,1,9,,1058,8,,,1,8,,1173,8,,,1,9,,1040,8,,,1,8,,1187,8,,,1,49,,1139,8,,,1,9,,1198,8,,,1,8,,1080,8,,,1,17,,1174,8,,,1,17,,1188,8,,,1,57,,1199,8,,,1,13,,1081,8,,,1,15,,1175,8,,,1,15,,1189,8,,,1,57,,1200,8,,,1,12,,1082,8,,,1
101,'CFDSA-Saturday-03',622,,1260,8,,,1,8,,1320,8,,,1,9,,1280,8,,,1,9,,1201,8,,,1,8,,1221,8,,,1,49,,1300,8,,,1,9,,1241,8,,,1,8,,1261,8,,,1,9,,1321,8,,,1,9,,1281,8,,,1,8,,1202,8,,,1,9,,1222,8,,,1,49,,1301,8,,,1,8,,1242,8,,,1,9,,1262,8,,,1,9,,1322,8,,,1,8,,1282,8,,,1,9,,1203,8,,,1,9,,1223,8,,,1,48,,1302,8,,,1,9,,1243,8,,,1,8,,1263,8,,,1,8,,1323,8,,,1,9,,1283,8,,,1,9,,1204,8,,,1,8,,1224,8,,,1,49,,1303,8,,,1,9,,1244,8,,,1,8,,1264,8,,,1,9,,1324,8,,,1,9,,1284,8,,,1,8,,1205,8,,,1,9,,1225,8,,,1,49,,1304,8,,,1,8,,1245,8,,,1,9,,1265,8,,,1,9,,1325,8,,,1,8,,1285,8,,,1,9,,1206,8,,,1,9,,1226,8,,,1,48,,1305,8,,,1,9,,1246,8,,,1,9,,1266,8,,,1,8,,1326,8,,,1,9,,1286,8,,,1,9,,1207,8,,,1,8,,1227,8,,,1,49,,1306,8,,,1,9,,1247,8,,,1,8,,1267,8,,,1,9,,1327,8,,,1,9,,1287,8,,,1,8,,1208,8,,,1,49,,1228,8,,,1,9,,1307,8,,,1,8,,1248,8,,,1,9,,1268,8,,,1,9,,1328,8,,,1,8,,1288,8,,,1,10,,1209,8,,,1,49,,1229,8,,,1,8,,1308,8,,,1,9,,1249,8,,,1,9,,1269,8,,,1,8,,1329,8,,,1,9,,1289,8,,,1,9,,1210,8,,,1,48,,1230,8,,,1,9,,1309,8,,,1,9,,1250,8,,,1,8,,1270,8,,,1,9,,1330,8,,,1,9,,1290,8,,,1,8,,1211,8,,,1,49,,1231,8,,,1,9,,1310,8,,,1,8,,1251,8,,,1,9,,1271,8,,,1,9,,1331,8,,,1,8,,1291,8,,,1,9,,1212,8,,,1,49,,1232,8,,,1,8,,1311,8,,,1,9,,1252,8,,,1,9,,1272,8,,,1,8,,1332,8,,,1,9,,1292,8,,,1,9,,1213,8,,,1,48,,1233,8,,,1,9,,1312,8,,,1,9,,1253,8,,,1,8,,1273,8,,,1,9,,1333,8,,,1,9,,1293,8,,,1,8,,1214,8,,,1,49,,1234,8,,,1,9,,1313,8,,,1,8,,1254,8,,,1,9,,1274,8,,,1,9,,1334,8,,,1,8,,1294,8,,,1,9,,1215,8,,,1,49,,1235,8,,,1,8,,1314,8,,,1,9,,1255,8,,,1,9,,1275,8,,,1,8,,1335,8,,,1,9,,1295,8,,,1,9,,1216,8,,,1,48,,1236,8,,,1,9,,1315,8,,,1,9,,1256,8,,,1,8,,1276,8,,,1,9,,1336,8,,,1,9,,1296,8,,,1,8,,1217,8,,,1,49,,1237,8,,,1,9,,1316,8,,,1,8,,1257,8,,,1,9,,1277,8,,,1,9,,1337,8,,,1,8,,1297,8,,,1,9,,1218,8,,,1,49,,1238,8,,,1,8,,1317,8,,,1,9,,1258,8,,,1,9,,1278,8,,,1,8,,1338,8,,,1,9,,1298,8,,,1,49,,1219,8,,,1,8,,1239,8,,,1,9,,1318,8,,,1,9,,1259,8,,,1,8,,1279,8,,,1,9,,1339,8,,,1,9,,1299,8,,,1,48,,1220,8,,,1,9,,1240,8,,,1,9,,1319,8,,,1
101,'CFDSU-Sunday-03',820,,1384,8,,,1,10,,1429,8,,,1,10,,1399,8,,,1,9,,1340,8,,,1,9,,1355,8,,,1,48,,1414,8,,,1,9,,1370,8,,,1,8,,1385,8,,,1,8,,1430,8,,,1,9,,1400,8,,,1,9,,1341,8,,,1,8,,1356,8,,,1,49,,1415,8,,,1,9,,1371,8,,,1,8,,1386,8,,,1,9,,1431,8,,,1,9,,1401,8,,,1,8,,1342,8,,,1,9,,1357,8,,,1,49,,1416,8,,,1,8,,1372,8,,,1,9,,1387,8,,,1,9,,1432,8,,,1,8,,1402,8,,,1,9,,1343,8,,,1,9,,1358,8,,,1,48,,1417,8,,,1,9,,1373,8,,,1,9,,1388,8,,,1,8,,1433,8,,,1,9,,1403,8,,,1,9,,1344,8,,,1,8,,1359,8,,,1,49,,1418,8,,,1,9,,1374,8,,,1,8,,1389,8,,,1,9,,1434,8,,,1,9,,1404,8,,,1,8,,1345,8,,,1,49,,1360,8,,,1,9,,1419,8,,,1,8,,1375,8,,,1,9,,1390,8,,,1,9,,1435,8,,,1,8,,1405,8,,,1,10,,1346,8,,,1,49,,1361,8,,,1,8,,1420,8,,,1,9,,1376,8,,,1,9,,1391,8,,,1,8,,1436,8,,,1,9,,1406,8,,,1,9,,1347,8,,,1,48,,1362,8,,,1,9,,1421,8,,,1,9,,1377,8,,,1,8,,1392,8,,,1,9,,1437,8,,,1,9,,1407,8,,,1,8,,1348,8,,,1,49,,1363,8,,,1,9,,1422,8,,,1,8,,1378,8,,,1,9,,1393,8,,,1,9,,1438,8,,,1,8,,1408,8,,,1,9,,1349,8,,,1,49,,1364,8,,,1,8,,1423,8,,,1,9,,1379,8,,,1,9,,1394,8,,,1,8,,1439,8,,,1,9,,1409,8,,,1,9,,1350,8,,,1,48,,1365,8,,,1,9,,1424,8,,,1,9,,1380,8,,,1,8,,1395,8,,,1,9,,1440,8,,,1,9,,1410,8,,,1,8,,1351,8,,,1,49,,1366,8,,,1,9,,1425,8,,,1,8,,1381,8,,,1,9,,1396,8,,,1,9,,1441,8,,,1,8,,1411,8,,,1,9,,1352,8,,,1,49,,1367,8,,,1,8,,1426,8,,,1,9,,1382,8,,,1,9,,1397,8,,,1,8,,1442,8,,,1,9,,1412,8,,,1,9,,1353,8,,,1,48,,1368,8,,,1,9,,1427,8,,,1,9,,1383,8,,,1,8,,1398,8,,,1,9,,1443,8,,,1,9,,1413,8,,,1,8,,1354,8,,,1,49,,1369,8,,,1,11,,1428,8,,,1
101,'CFDSU-Sunday-04',618,,1555,8,,,1,15,,1554,8,,,1,15,,1553,8,,,1,55,,1551,8,,,1,15,,1552,8,,,1,15,,1548,8,,,1,15,,1550,8,,,1,55,,1549,8,,,1,17,,1488,8,,,1,10,,1533,8,,,1,10,,1503,8,,,1,9,,1444,8,,,1,9,,1459,8,,,1,48,,1518,8,,,1,9,,1474,8,,,1,8,,1489,8,,,1,8,,1534,8,,,1,9,,1504,8,,,1,9,,1445,8,,,1,8,,1460,8,,,1,49,,1519,8,,,1,9,,1475,8,,,1,8,,1490,8,,,1,9,,1535,8,,,1,9,,1505,8,,,1,8,,1446,8,,,1,9,,1461,8,,,1,49,,1520,8,,,1,8,,1476,8,,,1,9,,1491,8,,,1,9,,1536,8,,,1,8,,1506,8,,,1,9,,1447,8,,,1,9,,1462,8,,,1,48,,1521,8,,,1,9,,1477,8,,,1,9,,1492,8,,,1,8,,1537,8,,,1,9,,1507,8,,,1,9,,1448,8,,,1,8,,1463,8,,,1,49,,1522,8,,,1,9,,1478,8,,,1,8,,1493,8,,,1,9,,1538,8,,,1,9,,1508,8,,,1,8,,1449,8,,,1,49,,1464,8,,,1,9,,1523,8,,,1,8,,1479,8,,,1,9,,1494,8,,,1,9,,1539,8,,,1,8,,1509,8,,,1,10,,1450,8,,,1,49,,1465,8,,,1,8,,1524,8,,,1,9,,1480,8,,,1,9,,1495,8,,,1,8,,1540,8,,,1,9,,1510,8,,,1,9,,1451,8,,,1,48,,1466,8,,,1,9,,1525,8,,,1,9,,1481,8,,,1,8,,1496,8,,,1,9,,1541,8,,,1,9,,1511,8,,,1,8,,1452,8,,,1,49,,1467,8,,,1,9,,1526,8,,,1,8,,1482,8,,,1,9,,1497,8,,,1,9,,1542,8,,,1,8,,1512,8,,,1,9,,1453,8,,,1,49,,1468,8,,,1,8,,1527,8,,,1,9,,1483,8,,,1,9,,1498,8,,,1,8,,1543,8,,,1,9,,1513,8,,,1,9,,1454,8,,,1,48,,1469,8,,,1,9,,1528,8,,,1,9,,1484,8,,,1,8,,1499,8,,,1,9,,1544,8,,,1,9,,1514,8,,,1,8,,1455,8,,,1,49,,1470,8,,,1,9,,1529,8,,,1,8,,1485,8,,,1,9,,1500,8,,,1,9,,1545,8,,,1,8,,1515,8,,,1,9,,1456,8,,,1,49,,1471,8,,,1,8,,1530,8,,,1,9,,1486,8,,,1,9,,1501,8,,,1,8,,1546,8,,,1,9,,1516,8,,,1,9,,1457,8,,,1,48,,1472,8,,,1,9,,1531,8,,,1,9,,1487,8,,,1,8,,1502,8,,,1,9,,1547,8,,,1,9,,1517,8,,,1,8,,1458,8,,,1,49,,1473,8,,,1,11,,1532,8,,,1
