100,'CFDFri-Weekday-03',506,,1,4,,,1,8,,6,4,,,1,7,,67,4,,,1,11,,72,4,,,1,8,,46,4,,,1,10,,25,4,,,1,9,,21,4,,,1,48,,2,4,,,1,8,,7,4,,,1,6,,68,4,,,1,6,,93,4,,,1,6,,73,4,,,1,4,,109,4,,,1,4,,47,4,,,1,3,,112,4,,,1,4,,106,4,,,1,5,,26,4,,,1,3,,155,4,,,1,45,,22,4,,,1,3,,124,4,,,1,5,,3,4,,,1,3,,136,4,,,1,4,,8,4,,,1,4,,69,4,,,1,4,,167,4,,,1,5,,94,4,,,1,4,,74,4,,,1,4,,110,4,,,1,4,,48,4,,,1,4,,113,4,,,1,4,,107,4,,,1,4,,27,4,,,1,4,,156,4,,,1,44,,23,4,,,1,4,,125,4,,,1,4,,4,4,,,1,4,,137,4,,,1,4,,9,4,,,1,4,,70,4,,,1,4,,168,4,,,1,4,,95,4,,,1,4,,75,4,,,1,4,,111,4,,,1,4,,49,4,,,1,3,,114,4,,,1,5,,108,4,,,1,4,,28,4,,,1,3,,157,4,,,1,45,,24,4,,,1,3,,126,4,,,1,5,,5,4,,,1,3,,138,4,,,1,4,,10,4,,,1,4,,71,4,,,1,4,,169,4,,,1,6,,96,4,,,1,6,,76,4,,,1,7,,50,4,,,1,5,,115,4,,,1,7,,29,4,,,1,45,,158,4,,,1,6,,127,4,,,1,6,,139,4,,,1,7,,11,4,,,1,5,,170,4,,,1,7,,97,4,,,1,6,,77,4,,,1,6,,51,4,,,1,6,,116,4,,,1,6,,30,4,,,1,46,,159,4,,,1,6,,128,4,,,1,6,,140,4,,,1,6,,12,4,,,1,6,,171,4,,,1,6,,98,4,,,1,6,,78,4,,,1,6,,52,4,,,1,6,,117,4,,,1,6,,31,4,,,1,46,,160,4,,,1,6,,129,4,,,1,6,,141,4,,,1,6,,13,4,,,1,6,,172,4,,,1,6,,99,4,,,1,6,,79,4,,,1,6,,53,4,,,1,6,,118,4,,,1,6,,32,4,,,1,46,,161,4,,,1,6,,130,4,,,1,6,,142,4,,,1,6,,14,4,,,1,6,,173,4,,,1,6,,100,4,,,1,6,,80,4,,,1,6,,54,4,,,1,6,,119,4,,,1,6,,33,4,,,1,46,,162,4,,,1,6,,131,4,,,1,6,,143,4,,,1,6,,15,4,,,1,6,,174,4,,,1,6,,101,4,,,1,5,,81,4,,,1,4,,179,4,,,1,5,,55,4,,,1,4,,120,4,,,1,3,,183,4,,,1,5,,34,4,,,1,44,,163,4,,,1,3,,199,4,,,1,5,,132,4,,,1,4,,144,4,,,1,3,,195,4,,,1,5,,16,4,,,1,4,,175,4,,,1,3,,211,4,,,1,5,,102,4,,,1,4,,82,4,,,1,3,,180,4,,,1,5,,56,4,,,1,4,,121,4,,,1,3,,184,4,,,1,5,,35,4,,,1,44,,164,4,,,1,3,,200,4,,,1,5,,133,4,,,1,4,,145,4,,,1,3,,196,4,,,1,5,,17,4,,,1,4,,176,4,,,1,3,,212,4,,,1,5,,103,4,,,1,4,,83,4,,,1,4,,181,4,,,1,4,,57,4,,,1,4,,122,4,,,1,4,,185,4,,,1,4,,36,4,,,1,44,,165,4,,,1,4,,201,4,,,1,4,,134,4,,,1,4,,146,4,,,1,4,,197,4,,,1,4,,18,4,,,1,4,,177,4,,,1,4,,213,4,,,1,4,,104,4,,,1,4,,84,4,,,1,4,,182,4,,,1,4,,58,4,,,1,4,,123,4,,,1,4,,186,4,,,1,4,,37,4,,,1,44,,166,4,,,1,4,,202,4,,,1,4,,135,4,,,1,5,,147,4,,,1,3,,198,4,,,1,4,,19,4,,,1,4,,178,4,,,1,4,,214,4,,,1,4,,105,4,,,1,5,,85,4,,,1,7,,59,4,,,1,8,,187,4,,,1,47,,38,4,,,1,7,,203,4,,,1,8,,148,4,,,1,7,,20,4,,,1,7,,215,4,,,1,8,,86,4,,,1,9,,60,4,,,1,8,,188,4,,,1,49,,39,4,,,1,8,,204,4,,,1,9,,149,4,,,1,9,,216,4,,,1,8,,87,4,,,1,8,,61,4,,,1,9,,189,4,,,1,48,,40,4,,,1,9,,205,4,,,1,8,,150,4,,,1,9,,217,4,,,1,9,,88,4,,,1,8,,62,4,,,1,8,,190,4,,,1,49,,41,4,,,1,8,,206,4,,,1,9,,151,4,,,1,9,,218,4,,,1,8,,89,4,,,1,9,,63,4,,,1,8,,191,4,,,1,48,,42,4,,,1,9,,207,4,,,1,8,,152,4,,,1,9,,219,4,,,1,8,,90,4,,,1,9,,64,4,,,1,8,,192,4,,,1,49,,43,4,,,1,8,,208,4,,,1,9,,153,4,,,1,8,,220,4,,,1,9,,91,4,,,1,8,,65,4,,,1,9,,193,4,,,1,48,,44,4,,,1,9,,209,4,,,1,8,,154,4,,,1,9,,221,4,,,1,8,,92,4,,,1,9,,66,4,,,1,8,,194,4,,,1,49,,45,4,,,1,8,,210,4,,,1
100,'CFDMTh-Weekday-03',506,,222,4,,,1,8,,227,4,,,1,7,,282,4,,,1,11,,287,4,,,1,8,,264,4,,,1,10,,246,4,,,1,9,,242,4,,,1,48,,223,4,,,1,8,,228,4,,,1,6,,283,4,,,1,6,,307,4,,,1,6,,288,4,,,1,4,,323,4,,,1,4,,265,4,,,1,3,,326,4,,,1,4,,320,4,,,1,5,,247,4,,,1,3,,367,4,,,1,45,,243,4,,,1,3,,338,4,,,1,5,,224,4,,,1,3,,350,4,,,1,4,,229,4,,,1,4,,284,4,,,1,4,,379,4,,,1,5,,308,4,,,1,4,,289,4,,,1,4,,324,4,,,1,4,,266,4,,,1,4,,327,4,,,1,4,,321,4,,,1,4,,248,4,,,1,4,,368,4,,,1,44,,244,4,,,1,4,,339,4,,,1,4,,225,4,,,1,4,,351,4,,,1,4,,230,4,,,1,4,,285,4,,,1,4,,380,4,,,1,4,,309,4,,,1,4,,290,4,,,1,4,,325,4,,,1,4,,267,4,,,1,3,,328,4,,,1,5,,322,4,,,1,4,,249,4,,,1,3,,369,4,,,1,45,,245,4,,,1,3,,340,4,,,1,5,,226,4,,,1,3,,352,4,,,1,4,,231,4,,,1,4,,286,4,,,1,4,,381,4,,,1,6,,310,4,,,1,6,,291,4,,,1,7,,268,4,,,1,5,,329,4,,,1,7,,250,4,,,1,45,,370,4,,,1,6,,341,4,,,1,6,,353,4,,,1,7,,232,4,,,1,5,,382,4,,,1,7,,311,4,,,1,6,,292,4,,,1,6,,269,4,,,1,6,,330,4,,,1,6,,251,4,,,1,46,,371,4,,,1,6,,342,4,,,1,6,,354,4,,,1,6,,233,4,,,1,6,,383,4,,,1,6,,312,4,,,1,6,,293,4,,,1,6,,270,4,,,1,6,,331,4,,,1,6,,252,4,,,1,46,,372,4,,,1,6,,343,4,,,1,6,,355,4,,,1,6,,234,4,,,1,6,,384,4,,,1,6,,313,4,,,1,6,,294,4,,,1,6,,271,4,,,1,6,,332,4,,,1,6,,253,4,,,1,46,,373,4,,,1,6,,344,4,,,1,6,,356,4,,,1,6,,235,4,,,1,6,,385,4,,,1,6,,314,4,,,1,6,,295,4,,,1,6,,272,4,,,1,6,,333,4,,,1,6,,254,4,,,1,46,,374,4,,,1,6,,345,4,,,1,6,,357,4,,,1,6,,236,4,,,1,6,,386,4,,,1,6,,315,4,,,1,5,,296,4,,,1,4,,391,4,,,1,5,,273,4,,,1,4,,334,4,,,1,3,,395,4,,,1,5,,255,4,,,1,44,,375,4,,,1,3,,410,4,,,1,5,,346,4,,,1,4,,358,4,,,1,3,,406,4,,,1,5,,237,4,,,1,4,,387,4,,,1,3,,421,4,,,1,5,,316,4,,,1,4,,297,4,,,1,3,,392,4,,,1,5,,274,4,,,1,4,,335,4,,,1,3,,396,4,,,1,5,,256,4,,,1,44,,376,4,,,1,3,,411,4,,,1,5,,347,4,,,1,4,,359,4,,,1,3,,407,4,,,1,5,,238,4,,,1,4,,388,4,,,1,3,,422,4,,,1,5,,317,4,,,1,4,,298,4,,,1,4,,393,4,,,1,4,,275,4,,,1,4,,336,4,,,1,4,,397,4,,,1,4,,257,4,,,1,44,,377,4,,,1,4,,412,4,,,1,4,,348,4,,,1,4,,360,4,,,1,4,,408,4,,,1,4,,239,4,,,1,4,,389,4,,,1,4,,423,4,,,1,4,,318,4,,,1,4,,299,4,,,1,4,,394,4,,,1,4,,276,4,,,1,4,,337,4,,,1,4,,398,4,,,1,4,,258,4,,,1,44,,378,4,,,1,4,,413,4,,,1,4,,349,4,,,1,5,,361,4,,,1,3,,409,4,,,1,4,,240,4,,,1,4,,390,4,,,1,4,,424,4,,,1,4,,319,4,,,1,5,,300,4,,,1,7,,277,4,,,1,8,,399,4,,,1,47,,259,4,,,1,7,,414,4,,,1,8,,362,4,,,1,7,,241,4,,,1,7,,425,4,,,1,8,,301,4,,,1,9,,278,4,,,1,8,,400,4,,,1,49,,260,4,,,1,8,,415,4,,,1,9,,363,4,,,1,9,,426,4,,,1,8,,302,4,,,1,8,,279,4,,,1,9,,401,4,,,1,48,,261,4,,,1,9,,416,4,,,1,8,,364,4,,,1,9,,427,4,,,1,9,,303,4,,,1,8,,280,4,,,1,8,,402,4,,,1,49,,262,4,,,1,8,,417,4,,,1,9,,365,4,,,1,9,,428,4,,,1,8,,304,4,,,1,9,,281,4,,,1,8,,403,4,,,1,49,,263,4,,,1,8,,418,4,,,1,9,,366,4,,,1,8,,429,4,,,1,13,,305,4,,,1,14,,404,4,,,1,56,,419,4,,,1,17,,430,4,,,1,13,,306,4,,,1,15,,405,4,,,1,55,,420,4,,,1
100,'CFDSA-Saturday-03',607,,431,4,,,1,8,,451,4,,,1,9,,530,4,,,1,9,,471,4,,,1,8,,491,4,,,1,9,,550,4,,,1,9,,511,4,,,1,48,,432,4,,,1,9,,452,4,,,1,9,,531,4,,,1,8,,472,4,,,1,9,,492,4,,,1,9,,551,4,,,1,8,,512,4,,,1,49,,433,4,,,1,9,,453,4,,,1,8,,532,4,,,1,9,,473,4,,,1,9,,493,4,,,1,8,,552,4,,,1,49,,513,4,,,1,9,,434,4,,,1,8,,454,4,,,1,9,,533,4,,,1,9,,474,4,,,1,8,,494,4,,,1,9,,553,4,,,1,49,,514,4,,,1,8,,435,4,,,1,9,,455,4,,,1,9,,534,4,,,1,8,,475,4,,,1,9,,495,4,,,1,9,,554,4,,,1,48,,515,4,,,1,9,,436,4,,,1,9,,456,4,,,1,8,,535,4,,,1,9,,476,4,,,1,9,,496,4,,,1,8,,555,4,,,1,49,,516,4,,,1,9,,437,4,,,1,8,,457,4,,,1,9,,536,4,,,1,9,,477,4,,,1,8,,497,4,,,1,9,,556,4,,,1,49,,517,4,,,1,8,,438,4,,,1,9,,458,4,,,1,9,,537,4,,,1,8,,478,4,,,1,9,,498,4,,,1,9,,557,4,,,1,48,,518,4,,,1,9,,439,4,,,1,9,,459,4,,,1,8,,538,4,,,1,9,,479,4,,,1,9,,499,4,,,1,8,,558,4,,,1,49,,519,4,,,1,9,,440,4,,,1,8,,460,4,,,1,9,,539,4,,,1,9,,480,4,,,1,8,,500,4,,,1,9,,559,4,,,1,49,,520,4,,,1,8,,441,4,,,1,9,,461,4,,,1,9,,540,4,,,1,8,,481,4,,,1,9,,501,4,,,1,9,,560,4,,,1,48,,521,4,,,1,9,,442,4,,,1,9,,462,4,,,1,8,,541,4,,,1,9,,482,4,,,1,9,,502,4,,,1,8,,561,4,,,1,49,,522,4,,,1,9,,443,4,,,1,8,,463,4,,,1,9,,542,4,,,1,9,,483,4,,,1,8,,503,4,,,1,9,,562,4,,,1,49,,523,4,,,1,8,,444,4,,,1,9,,464,4,,,1,9,,543,4,,,1,8,,484,4,,,1,9,,504,4,,,1,9,,563,4,,,1,48,,524,4,,,1,9,,445,4,,,1,9,,465,4,,,1,8,,544,4,,,1,9,,485,4,,,1,9,,505,4,,,1,8,,564,4,,,1,49,,525,4,,,1,9,,446,4,,,1,8,,466,4,,,1,9,,545,4,,,1,9,,486,4,,,1,8,,506,4,,,1,49,,565,4,,,1,9,,526,4,,,1,8,,447,4,,,1,9,,467,4,,,1,9,,546,4,,,1,8,,487,4,,,1,9,,507,4,,,1,49,,566,4,,,1,8,,527,4,,,1,9,,448,4,,,1,9,,468,4,,,1,8,,547,4,,,1,9,,488,4,,,1,9,,508,4,,,1,48,,567,4,,,1,9,,528,4,,,1,9,,449,4,,,1,8,,469,4,,,1,9,,548,4,,,1,9,,489,4,,,1,8,,509,4,,,1,49,,568,4,,,1,9,,529,4,,,1,8,,450,4,,,1,9,,470,4,,,1,9,,549,4,,,1,8,,490,4,,,1,9,,510,4,,,1,53,,569,4,,,1
100,'CFDSU-Sunday-03',807,,570,4,,,1,9,,585,4,,,1,9,,645,4,,,1,8,,600,4,,,1,8,,615,4,,,1,10,,660,4,,,1,49,,630,4,,,1,9,,571,4,,,1,8,,586,4,,,1,9,,646,4,,,1,9,,601,4,,,1,8,,616,4,,,1,9,,661,4,,,1,49,,631,4,,,1,8,,572,4,,,1,9,,587,4,,,1,9,,647,4,,,1,8,,602,4,,,1,9,,617,4,,,1,9,,662,4,,,1,48,,632,4,,,1,9,,573,4,,,1,9,,588,4,,,1,8,,648,4,,,1,9,,603,4,,,1,9,,618,4,,,1,8,,663,4,,,1,49,,633,4,,,1,9,,574,4,,,1,8,,589,4,,,1,9,,649,4,,,1,9,,604,4,,,1,8,,619,4,,,1,9,,664,4,,,1,49,,634,4,,,1,8,,575,4,,,1,9,,590,4,,,1,9,,650,4,,,1,8,,605,4,,,1,9,,620,4,,,1,9,,665,4,,,1,48,,635,4,,,1,9,,576,4,,,1,9,,591,4,,,1,8,,651,4,,,1,9,,606,4,,,1,9,,621,4,,,1,8,,666,4,,,1,49,,636,4,,,1,9,,577,4,,,1,8,,592,4,,,1,9,,652,4,,,1,9,,607,4,,,1,8,,622,4,,,1,9,,667,4,,,1,49,,637,4,,,1,8,,578,4,,,1,9,,593,4,,,1,9,,653,4,,,1,8,,608,4,,,1,9,,623,4,,,1,9,,668,4,,,1,48,,638,4,,,1,9,,579,4,,,1,9,,594,4,,,1,8,,654,4,,,1,9,,609,4,,,1,9,,624,4,,,1,8,,669,4,,,1,49,,639,4,,,1,9,,580,4,,,1,8,,595,4,,,1,9,,655,4,,,1,9,,610,4,,,1,8,,625,4,,,1,9,,670,4,,,1,49,,640,4,,,1,8,,581,4,,,1,9,,596,4,,,1,9,,656,4,,,1,8,,611,4,,,1,9,,626,4,,,1,9,,671,4,,,1,48,,641,4,,,1,9,,582,4,,,1,9,,597,4,,,1,8,,657,4,,,1,9,,612,4,,,1,9,,627,4,,,1,8,,672,4,,,1,49,,642,4,,,1,9,,583,4,,,1,8,,598,4,,,1,9,,658,4,,,1,9,,613,4,,,1,8,,628,4,,,1,49,,673,4,,,1,9,,643,4,,,1,8,,584,4,,,1,9,,599,4,,,1,9,,659,4,,,1,8,,614,4,,,1,9,,629,4,,,1,49,,674,4,,,1,8,,644,4,,,1
100,'CFDSU-Sunday-04',607,,782,4,,,1,15,,783,4,,,1,15,,784,4,,,1,15,,785,4,,,1,55,,781,4,,,1,15,,787,4,,,1,15,,786,4,,,1,15,,780,4,,,1,55,,675,4,,,1,9,,690,4,,,1,9,,750,4,,,1,8,,705,4,,,1,8,,720,4,,,1,10,,765,4,,,1,49,,735,4,,,1,9,,676,4,,,1,8,,691,4,,,1,9,,751,4,,,1,9,,706,4,,,1,8,,721,4,,,1,9,,766,4,,,1,49,,736,4,,,1,8,,677,4,,,1,9,,692,4,,,1,9,,752,4,,,1,8,,707,4,,,1,9,,722,4,,,1,9,,767,4,,,1,48,,737,4,,,1,9,,678,4,,,1,9,,693,4,,,1,8,,753,4,,,1,9,,708,4,,,1,9,,723,4,,,1,8,,768,4,,,1,49,,738,4,,,1,9,,679,4,,,1,8,,694,4,,,1,9,,754,4,,,1,9,,709,4,,,1,8,,724,4,,,1,9,,769,4,,,1,49,,739,4,,,1,8,,680,4,,,1,9,,695,4,,,1,9,,755,4,,,1,8,,710,4,,,1,9,,725,4,,,1,9,,770,4,,,1,48,,740,4,,,1,9,,681,4,,,1,9,,696,4,,,1,8,,756,4,,,1,9,,711,4,,,1,9,,726,4,,,1,8,,771,4,,,1,49,,741,4,,,1,9,,682,4,,,1,8,,697,4,,,1,9,,757,4,,,1,9,,712,4,,,1,8,,727,4,,,1,9,,772,4,,,1,49,,742,4,,,1,8,,683,4,,,1,9,,698,4,,,1,9,,758,4,,,1,8,,713,4,,,1,9,,728,4,,,1,9,,773,4,,,1,48,,743,4,,,1,9,,684,4,,,1,9,,699,4,,,1,8,,759,4,,,1,9,,714,4,,,1,9,,729,4,,,1,8,,774,4,,,1,49,,744,4,,,1,9,,685,4,,,1,8,,700,4,,,1,9,,760,4,,,1,9,,715,4,,,1,8,,730,4,,,1,9,,775,4,,,1,49,,745,4,,,1,8,,686,4,,,1,9,,701,4,,,1,9,,761,4,,,1,8,,716,4,,,1,9,,731,4,,,1,9,,776,4,,,1,48,,746,4,,,1,9,,687,4,,,1,9,,702,4,,,1,8,,762,4,,,1,9,,717,4,,,1,9,,732,4,,,1,8,,777,4,,,1,49,,747,4,,,1,9,,688,4,,,1,8,,703,4,,,1,9,,763,4,,,1,9,,718,4,,,1,8,,733,4,,,1,49,,778,4,,,1,9,,748,4,,,1,8,,689,4,,,1,9,,704,4,,,1,9,,764,4,,,1,8,,719,4,,,1,9,,734,4,,,1,49,,779,4,,,1,8,,749,4,,,1
101,'CFDFri-Weekday-03',522,,831,10,,,1,9,,810,10,,,1,11,,806,10,,,1,9,,788,10,,,1,49,,792,10,,,1,6,,852,10,,,1,12,,856,10,,,1,7,,832,10,,,1,7,,889,10,,,1,6,,811,10,,,1,8,,807,10,,,1,3,,905,10,,,1,5,,789,10,,,1,3,,917,10,,,1,44,,793,10,,,1,5,,853,10,,,1,3,,948,10,,,1,5,,877,10,,,1,4,,857,10,,,1,4,,892,10,,,1,4,,833,10,,,1,4,,894,10,,,1,4,,890,10,,,1,4,,812,10,,,1,4,,937,10,,,1,4,,808,10,,,1,4,,906,10,,,1,4,,790,10,,,1,4,,918,10,,,1,43,,794,10,,,1,4,,854,10,,,1,5,,949,10,,,1,4,,878,10,,,1,4,,858,10,,,1,4,,893,10,,,1,4,,834,10,,,1,4,,895,10,,,1,4,,891,10,,,1,4,,813,10,,,1,4,,938,10,,,1,4,,809,10,,,1,4,,907,10,,,1,4,,791,10,,,1,4,,919,10,,,1,44,,795,10,,,1,4,,855,10,,,1,4,,950,10,,,1,4,,879,10,,,1,4,,859,10,,,1,6,,835,10,,,1,6,,896,10,,,1,7,,814,10,,,1,5,,939,10,,,1,7,,908,10,,,1,7,,920,10,,,1,46,,796,10,,,1,6,,951,10,,,1,6,,880,10,,,1,7,,860,10,,,1,6,,836,10,,,1,6,,897,10,,,1,6,,815,10,,,1,6,,940,10,,,1,6,,909,10,,,1,6,,921,10,,,1,46,,797,10,,,1,6,,952,10,,,1,6,,881,10,,,1,6,,861,10,,,1,6,,837,10,,,1,6,,898,10,,,1,6,,816,10,,,1,6,,941,10,,,1,6,,910,10,,,1,6,,922,10,,,1,46,,798,10,,,1,6,,953,10,,,1,6,,882,10,,,1,6,,862,10,,,1,6,,838,10,,,1,6,,899,10,,,1,6,,817,10,,,1,6,,942,10,,,1,6,,911,10,,,1,6,,923,10,,,1,46,,799,10,,,1,6,,954,10,,,1,6,,883,10,,,1,6,,863,10,,,1,6,,839,10,,,1,6,,900,10,,,1,6,,818,10,,,1,6,,943,10,,,1,6,,912,10,,,1,6,,924,10,,,1,46,,800,10,,,1,6,,955,10,,,1,6,,884,10,,,1,6,,864,10,,,1,6,,840,10,,,1,6,,901,10,,,1,6,,819,10,,,1,6,,944,10,,,1,7,,913,10,,,1,5,,925,10,,,1,45,,974,10,,,1,4,,801,10,,,1,4,,956,10,,,1,4,,989,10,,,1,4,,885,10,,,1,4,,865,10,,,1,4,,960,10,,,1,4,,841,10,,,1,4,,902,10,,,1,4,,963,10,,,1,4,,820,10,,,1,4,,945,10,,,1,4,,978,10,,,1,4,,914,10,,,1,4,,926,10,,,1,44,,975,10,,,1,4,,802,10,,,1,4,,957,10,,,1,4,,990,10,,,1,4,,886,10,,,1,4,,866,10,,,1,4,,961,10,,,1,4,,842,10,,,1,4,,903,10,,,1,4,,964,10,,,1,4,,821,10,,,1,4,,946,10,,,1,4,,979,10,,,1,4,,915,10,,,1,4,,927,10,,,1,44,,976,10,,,1,4,,803,10,,,1,4,,958,10,,,1,4,,991,10,,,1,4,,887,10,,,1,4,,867,10,,,1,4,,962,10,,,1,4,,843,10,,,1,4,,904,10,,,1,4,,965,10,,,1,4,,822,10,,,1,4,,947,10,,,1,4,,980,10,,,1,4,,916,10,,,1,4,,928,10,,,1,44,,977,10,,,1,4,,804,10,,,1,4,,959,10,,,1,4,,992,10,,,1,4,,888,10,,,1,4,,868,10,,,1,8,,844,10,,,1,8,,966,10,,,1,6,,823,10,,,1,8,,981,10,,,1,48,,929,10,,,1,7,,805,10,,,1,7,,993,10,,,1,8,,869,10,,,1,8,,845,10,,,1,8,,967,10,,,1,7,,824,10,,,1,8,,982,10,,,1,51,,930,10,,,1,10,,994,10,,,1,8,,870,10,,,1,9,,846,10,,,1,8,,968,10,,,1,9,,825,10,,,1,8,,983,10,,,1,49,,931,10,,,1,8,,995,10,,,1,9,,871,10,,,1,8,,847,10,,,1,9,,969,10,,,1,8,,826,10,,,1,9,,984,10,,,1,48,,932,10,,,1,9,,996,10,,,1,8,,872,10,,,1,9,,848,10,,,1,8,,970,10,,,1,9,,827,10,,,1,8,,985,10,,,1,49,,933,10,,,1,8,,997,10,,,1,9,,873,10,,,1,8,,849,10,,,1,9,,971,10,,,1,8,,828,10,,,1,9,,986,10,,,1,48,,934,10,,,1,9,,998,10,,,1,8,,874,10,,,1,9,,850,10,,,1,8,,972,10,,,1,9,,829,10,,,1,8,,987,10,,,1,49,,935,10,,,1,8,,999,10,,,1,9,,875,10,,,1,8,,851,10,,,1,9,,973,10,,,1,8,,830,10,,,1,9,,988,10,,,1,48,,936,10,,,1,9,,1000,10,,,1,11,,876,10,,,1
101,'CFDMTh-Weekday-03',522,,1041,10,,,1,9,,1023,10,,,1,11,,1019,10,,,1,9,,1001,10,,,1,49,,1005,10,,,1,6,,1059,10,,,1,12,,1063,10,,,1,7,,1042,10,,,1,7,,1095,10,,,1,6,,1024,10,,,1,8,,1020,10,,,1,3,,1111,10,,,1,5,,1002,10,,,1,3,,1123,10,,,1,44,,1006,10,,,1,5,,1060,10,,,1,3,,1151,10,,,1,5,,1083,10,,,1,4,,1064,10,,,1,4,,1098,10,,,1,4,,1043,10,,,1,4,,1100,10,,,1,4,,1096,10,,,1,4,,1025,10,,,1,4,,1140,10,,,1,4,,1021,10,,,1,4,,1112,10,,,1,4,,1003,10,,,1,4,,1124,10,,,1,43,,1007,10,,,1,4,,1061,10,,,1,5,,1152,10,,,1,4,,1084,10,,,1,4,,1065,10,,,1,4,,1099,10,,,1,4,,1044,10,,,1,4,,1101,10,,,1,4,,1097,10,,,1,4,,1026,10,,,1,4,,1141,10,,,1,4,,1022,10,,,1,4,,1113,10,,,1,4,,1004,10,,,1,4,,1125,10,,,1,44,,1008,10,,,1,4,,1062,10,,,1,4,,1153,10,,,1,4,,1085,10,,,1,4,,1066,10,,,1,6,,1045,10,,,1,6,,1102,10,,,1,7,,1027,10,,,1,5,,1142,10,,,1,7,,1114,10,,,1,7,,1126,10,,,1,46,,1009,10,,,1,6,,1154,10,,,1,6,,1086,10,,,1,7,,1067,10,,,1,6,,1046,10,,,1,6,,1103,10,,,1,6,,1028,10,,,1,6,,1143,10,,,1,6,,1115,10,,,1,6,,1127,10,,,1,46,,1010,10,,,1,6,,1155,10,,,1,6,,1087,10,,,1,6,,1068,10,,,1,6,,1047,10,,,1,6,,1104,10,,,1,6,,1029,10,,,1,6,,1144,10,,,1,6,,1116,10,,,1,6,,1128,10,,,1,46,,1011,10,,,1,6,,1156,10,,,1,6,,1088,10,,,1,6,,1069,10,,,1,6,,1048,10,,,1,6,,1105,10,,,1,6,,1030,10,,,1,6,,1145,10,,,1,6,,1117,10,,,1,6,,1129,10,,,1,46,,1012,10,,,1,6,,1157,10,,,1,6,,1089,10,,,1,6,,1070,10,,,1,6,,1049,10,,,1,6,,1106,10,,,1,6,,1031,10,,,1,6,,1146,10,,,1,6,,1118,10,,,1,6,,1130,10,,,1,46,,1013,10,,,1,6,,1158,10,,,1,6,,1090,10,,,1,6,,1071,10,,,1,6,,1050,10,,,1,6,,1107,10,,,1,6,,1032,10,,,1,6,,1147,10,,,1,7,,1119,10,,,1,5,,1131,10,,,1,45,,1176,10,,,1,4,,1014,10,,,1,4,,1159,10,,,1,4,,1190,10,,,1,4,,1091,10,,,1,4,,1072,10,,,1,4,,1163,10,,,1,4,,1051,10,,,1,4,,1108,10,,,1,4,,1166,10,,,1,4,,1033,10,,,1,4,,1148,10,,,1,4,,1180,10,,,1,4,,1120,10,,,1,4,,1132,10,,,1,44,,1177,10,,,1,4,,1015,10,,,1,4,,1160,10,,,1,4,,1191,10,,,1,4,,1092,10,,,1,4,,1073,10,,,1,4,,1164,10,,,1,4,,1052,10,,,1,4,,1109,10,,,1,4,,1167,10,,,1,4,,1034,10,,,1,4,,1149,10,,,1,4,,1181,10,,,1,4,,1121,10,,,1,4,,1133,10,,,1,44,,1178,10,,,1,4,,1016,10,,,1,4,,1161,10,,,1,4,,1192,10,,,1,4,,1093,10,,,1,4,,1074,10,,,1,4,,1165,10,,,1,4,,1053,10,,,1,4,,1110,10,,,1,4,,1168,10,,,1,4,,1035,10,,,1,4,,1150,10,,,1,4,,1182,10,,,1,4,,1122,10,,,1,4,,1134,10,,,1,44,,1179,10,,,1,4,,1017,10,,,1,4,,1162,10,,,1,4,,1193,10,,,1,4,,1094,10,,,1,4,,1075,10,,,1,8,,1054,10,,,1,8,,1169,10,,,1,6,,1036,10,,,1,8,,1183,10,,,1,48,,1135,10,,,1,7,,1018,10,,,1,7,,1194,10,,,1,8,,1076,10,,,1,8,,1055,10,,,1,8,,1170,10,,,1,7,,1037,10,,,1,8,,1184,10,,,1,51,,1136,10,,,1,10,,1195,10,,,1,8,,1077,10,,,1,9,,1056,10,,,1,8,,1171,10,,,1,9,,1038,10,,,1,8,,1185,10,,,1,49,,1137,10,,,1,8,,1196,10,,,1,9,,1078,10,,,1,8,,1057,10,,,1,9,,1172,10,,,1,8,,1039,10,,,1,9,,1186,10,,,1,48,,1138,10,,,1,9,,1197,10,,,1,8,,1079,10,,,1,9,,1058,10,,,1,8,,1173,10,,,1,9,,1040,10,,,1,8,,1187,10,,,1,49,,1139,10,,,1,9,,1198,10,,,1,8,,1080,10,,,1,17,,1174,10,,,1,17,,1188,10,,,1,57,,1199,10,,,1,13,,1081,10,,,1,15,,1175,10,,,1,15,,1189,10,,,1,57,,1200,10,,,1,12,,1082,10,,,1
101,'CFDSA-Saturday-03',626,,1260,10,,,1,8,,1320,10,,,1,9,,1280,10,,,1,9,,1201,10,,,1,48,,1221,10,,,1,9,,1300,10,,,1,9,,1241,10,,,1,8,,1261,10,,,1,9,,1321,10,,,1,9,,1281,10,,,1,8,,1202,10,,,1,49,,1222,10,,,1,9,,1301,10,,,1,8,,1242,10,,,1,9,,1262,10,,,1,9,,1322,10,,,1,8,,1282,10,,,1,9,,1203,10,,,1,49,,1223,10,,,1,8,,1302,10,,,1,9,,1243,10,,,1,8,,1263,10,,,1,8,,1323,10,,,1,9,,1283,10,,,1,9,,1204,10,,,1,48,,1224,10,,,1,9,,1303,10,,,1,9,,1244,10,,,1,8,,1264,10,,,1,9,,1324,10,,,1,9,,1284,10,,,1,8,,1205,10,,,1,49,,1225,10,,,1,9,,1304,10,,,1,8,,1245,10,,,1,9,,1265,10,,,1,9,,1325,10,,,1,8,,1285,10,,,1,9,,1206,10,,,1,49,,1226,10,,,1,8,,1305,10,,,1,9,,1246,10,,,1,9,,1266,10,,,1,8,,1326,10,,,1,9,,1286,10,,,1,9,,1207,10,,,1,48,,1227,10,,,1,9,,1306,10,,,1,9,,1247,10,,,1,8,,1267,10,,,1,9,,1327,10,,,1,9,,1287,10,,,1,8,,1208,10,,,1,49,,1228,10,,,1,9,,1307,10,,,1,8,,1248,10,,,1,9,,1268,10,,,1,9,,1328,10,,,1,8,,1288,10,,,1,10,,1209,10,,,1,49,,1229,10,,,1,8,,1308,10,,,1,9,,1249,10,,,1,9,,1269,10,,,1,8,,1329,10,,,1,9,,1289,10,,,1,9,,1210,10,,,1,48,,1230,10,,,1,9,,1309,10,,,1,9,,1250,10,,,1,8,,1270,10,,,1,9,,1330,10,,,1,9,,1290,10,,,1,8,,1211,10,,,1,49,,1231,10,,,1,9,,1310,10,,,1,8,,1251,10,,,1,9,,1271,10,,,1,9,,1331,10,,,1,8,,1291,10,,,1,9,,1212,10,,,1,49,,1232,10,,,1,8,,1311,10,,,1,9,,1252,10,,,1,9,,1272,10,,,1,8,,1332,10,,,1,9,,1292,10,,,1,49,,1213,10,,,1,8,,1233,10,,,1,9,,1312,10,,,1,9,,1253,10,,,1,8,,1273,10,,,1,9,,1333,10,,,1,9,,1293,10,,,1,48,,1214,10,,,1,9,,1234,10,,,1,9,,1313,10,,,1,8,,1254,10,,,1,9,,1274,10,,,1,9,,1334,10,,,1,8,,1294,10,,,1,49,,1215,10,,,1,9,,1235,10,,,1,8,,1314,10,,,1,9,,1255,10,,,1,9,,1275,10,,,1,8,,1335,10,,,1,9,,1295,10,,,1,49,,1216,10,,,1,8,,1236,10,,,1,9,,1315,10,,,1,9,,1256,10,,,1,8,,1276,10,,,1,9,,1336,10,,,1,9,,1296,10,,,1,48,,1217,10,,,1,9,,1237,10,,,1,9,,1316,10,,,1,8,,1257,10,,,1,9,,1277,10,,,1,9,,1337,10,,,1,8,,1297,10,,,1,49,,1218,10,,,1,9,,1238,10,,,1,8,,1317,10,,,1,9,,1258,10,,,1,9,,1278,10,,,1,8,,1338,10,,,1,9,,1298,10,,,1,49,,1219,10,,,1,8,,1239,10,,,1,9,,1318,10,,,1,9,,1259,10,,,1,8,,1279,10,,,1,9,,1339,10,,,1,9,,1299,10,,,1,48,,1220,10,,,1,9,,1240,10,,,1,9,,1319,10,,,1
101,'CFDSU-Sunday-03',824,,1384,10,,,1,10,,1429,10,,,1,10,,1399,10,,,1,9,,1340,10,,,1,49,,1355,10,,,1,8,,1414,10,,,1,9,,1370,10,,,1,8,,1385,10,,,1,8,,1430,10,,,1,9,,1400,10,,,1,9,,1341,10,,,1,48,,1356,10,,,1,9,,1415,10,,,1,9,,1371,10,,,1,8,,1386,10,,,1,9,,1431,10,,,1,9,,1401,10,,,1,8,,1342,10,,,1,49,,1357,10,,,1,9,,1416,10,,,1,8,,1372,10,,,1,9,,1387,10,,,1,9,,1432,10,,,1,8,,1402,10,,,1,9,,1343,10,,,1,49,,1358,10,,,1,8,,1417,10,,,1,9,,1373,10,,,1,9,,1388,10,,,1,8,,1433,10,,,1,9,,1403,10,,,1,9,,1344,10,,,1,48,,1359,10,,,1,9,,1418,10,,,1,9,,1374,10,,,1,8,,1389,10,,,1,9,,1434,10,,,1,9,,1404,10,,,1,8,,1345,10,,,1,49,,1360,10,,,1,9,,1419,10,,,1,8,,1375,10,,,1,9,,1390,10,,,1,9,,1435,10,,,1,8,,1405,10,,,1,10,,1346,10,,,1,49,,1361,10,,,1,8,,1420,10,,,1,9,,1376,10,,,1,9,,1391,10,,,1,8,,1436,10,,,1,9,,1406,10,,,1,9,,1347,10,,,1,48,,1362,10,,,1,9,,1421,10,,,1,9,,1377,10,,,1,8,,1392,10,,,1,9,,1437,10,,,1,9,,1407,10,,,1,8,,1348,10,,,1,49,,1363,10,,,1,9,,1422,10,,,1,8,,1378,10,,,1,9,,1393,10,,,1,9,,1438,10,,,1,8,,1408,10,,,1,9,,1349,10,,,1,49,,1364,10,,,1,8,,1423,10,,,1,9,,1379,10,,,1,9,,1394,10,,,1,8,,1439,10,,,1,9,,1409,10,,,1,49,,1350,10,,,1,8,,1365,10,,,1,9,,1424,10,,,1,9,,1380,10,,,1,8,,1395,10,,,1,9,,1440,10,,,1,9,,1410,10,,,1,48,,1351,10,,,1,9,,1366,10,,,1,9,,1425,10,,,1,8,,1381,10,,,1,9,,1396,10,,,1,9,,1441,10,,,1,8,,1411,10,,,1,49,,1352,10,,,1,9,,1367,10,,,1,8,,1426,10,,,1,9,,1382,10,,,1,9,,1397,10,,,1,8,,1442,10,,,1,9,,1412,10,,,1,49,,1353,10,,,1,8,,1368,10,,,1,9,,1427,10,,,1,9,,1383,10,,,1,8,,1398,10,,,1,9,,1443,10,,,1,9,,1413,10,,,1,48,,1354,10,,,1,9,,1369,10,,,1,11,,1428,10,,,1
101,'CFDSU-Sunday-04',622,,1555,10,,,1,15,,1554,10,,,1,15,,1553,10,,,1,55,,1551,10,,,1,15,,1552,10,,,1,15,,1548,10,,,1,15,,1550,10,,,1,55,,1549,10,,,1,17,,1488,10,,,1,10,,1533,10,,,1,10,,1503,10,,,1,9,,1444,10,,,1,49,,1459,10,,,1,8,,1518,10,,,1,9,,1474,10,,,1,8,,1489,10,,,1,8,,1534,10,,,1,9,,1504,10,,,1,9,,1445,10,,,1,48,,1460,10,,,1,9,,1519,10,,,1,9,,1475,10,,,1,8,,1490,10,,,1,9,,1535,10,,,1,9,,1505,10,,,1,8,,1446,10,,,1,49,,1461,10,,,1,9,,1520,10,,,1,8,,1476,10,,,1,9,,1491,10,,,1,9,,1536,10,,,1,8,,1506,10,,,1,9,,1447,10,,,1,49,,1462,10,,,1,8,,1521,10,,,1,9,,1477,10,,,1,9,,1492,10,,,1,8,,1537,10,,,1,9,,1507,10,,,1,9,,1448,10,,,1,48,,1463,10,,,1,9,,1522,10,,,1,9,,1478,10,,,1,8,,1493,10,,,1,9,,1538,10,,,1,9,,1508,10,,,1,8,,1449,10,,,1,49,,1464,10,,,1,9,,1523,10,,,1,8,,1479,10,,,1,9,,1494,10,,,1,9,,1539,10,,,1,8,,1509,10,,,1,10,,1450,10,,,1,49,,1465,10,,,1,8,,1524,10,,,1,9,,1480,10,,,1,9,,1495,10,,,1,8,,1540,10,,,1,9,,1510,10,,,1,9,,1451,10,,,1,48,,1466,10,,,1,9,,1525,10,,,1,9,,1481,10,,,1,8,,1496,10,,,1,9,,1541,10,,,1,9,,1511,10,,,1,8,,1452,10,,,1,49,,1467,10,,,1,9,,1526,10,,,1,8,,1482,10,,,1,9,,1497,10,,,1,9,,1542,10,,,1,8,,1512,10,,,1,9,,1453,10,,,1,49,,1468,10,,,1,8,,1527,10,,,1,9,,1483,10,,,1,9,,1498,10,,,1,8,,1543,10,,,1,9,,1513,10,,,1,49,,1454,10,,,1,8,,1469,10,,,1,9,,1528,10,,,1,9,,1484,10,,,1,8,,1499,10,,,1,9,,1544,10,,,1,9,,1514,10,,,1,48,,1455,10,,,1,9,,1470,10,,,1,9,,1529,10,,,1,8,,1485,10,,,1,9,,1500,10,,,1,9,,1545,10,,,1,8,,1515,10,,,1,49,,1456,10,,,1,9,,1471,10,,,1,8,,1530,10,,,1,9,,1486,10,,,1,9,,1501,10,,,1,8,,1546,10,,,1,9,,1516,10,,,1,49,,1457,10,,,1,8,,1472,10,,,1,9,,1531,10,,,1,9,,1487,10,,,1,8,,1502,10,,,1,9,,1547,10,,,1,9,,1517,10,,,1,48,,1458,10,,,1,9,,1473,10,,,1,11,,1532,10,,,1
