100,'CFDFri-Weekday-03',513,,1,7,,,1,8,,6,7,,,1,7,,67,7,,,1,11,,72,7,,,1,8,,46,7,,,1,10,,25,7,,,1,49,,21,7,,,1,8,,2,7,,,1,8,,7,7,,,1,6,,68,7,,,1,6,,93,7,,,1,6,,73,7,,,1,4,,109,7,,,1,4,,47,7,,,1,3,,112,7,,,1,4,,106,7,,,1,45,,26,7,,,1,3,,155,7,,,1,5,,22,7,,,1,3,,124,7,,,1,5,,3,7,,,1,3,,136,7,,,1,4,,8,7,,,1,4,,69,7,,,1,4,,167,7,,,1,5,,94,7,,,1,4,,74,7,,,1,4,,110,7,,,1,4,,48,7,,,1,4,,113,7,,,1,4,,107,7,,,1,44,,27,7,,,1,4,,156,7,,,1,4,,23,7,,,1,4,,125,7,,,1,4,,4,7,,,1,4,,137,7,,,1,4,,9,7,,,1,4,,70,7,,,1,4,,168,7,,,1,4,,95,7,,,1,4,,75,7,,,1,4,,111,7,,,1,4,,49,7,,,1,3,,114,7,,,1,5,,108,7,,,1,44,,28,7,,,1,3,,157,7,,,1,5,,24,7,,,1,3,,126,7,,,1,5,,5,7,,,1,3,,138,7,,,1,4,,10,7,,,1,4,,71,7,,,1,4,,169,7,,,1,6,,96,7,,,1,6,,76,7,,,1,7,,50,7,,,1,5,,115,7,,,1,47,,29,7,,,1,5,,158,7,,,1,6,,127,7,,,1,6,,139,7,,,1,7,,11,7,,,1,5,,170,7,,,1,7,,97,7,,,1,6,,77,7,,,1,6,,51,7,,,1,6,,116,7,,,1,46,,30,7,,,1,6,,159,7,,,1,6,,128,7,,,1,6,,140,7,,,1,6,,12,7,,,1,6,,171,7,,,1,6,,98,7,,,1,6,,78,7,,,1,6,,52,7,,,1,6,,117,7,,,1,46,,31,7,,,1,6,,160,7,,,1,6,,129,7,,,1,6,,141,7,,,1,6,,13,7,,,1,6,,172,7,,,1,6,,99,7,,,1,6,,79,7,,,1,6,,53,7,,,1,6,,118,7,,,1,46,,32,7,,,1,6,,161,7,,,1,6,,130,7,,,1,6,,142,7,,,1,6,,14,7,,,1,6,,173,7,,,1,6,,100,7,,,1,6,,80,7,,,1,6,,54,7,,,1,6,,119,7,,,1,46,,33,7,,,1,6,,162,7,,,1,6,,131,7,,,1,6,,143,7,,,1,6,,15,7,,,1,6,,174,7,,,1,6,,101,7,,,1,5,,81,7,,,1,4,,179,7,,,1,5,,55,7,,,1,4,,120,7,,,1,3,,183,7,,,1,45,,34,7,,,1,4,,163,7,,,1,3,,199,7,,,1,5,,132,7,,,1,4,,144,7,,,1,3,,195,7,,,1,5,,16,7,,,1,4,,175,7,,,1,3,,211,7,,,1,5,,102,7,,,1,4,,82,7,,,1,3,,180,7,,,1,5,,56,7,,,1,4,,121,7,,,1,3,,184,7,,,1,45,,35,7,,,1,4,,164,7,,,1,3,,200,7,,,1,5,,133,7,,,1,4,,145,7,,,1,3,,196,7,,,1,5,,17,7,,,1,4,,176,7,,,1,3,,212,7,,,1,5,,103,7,,,1,4,,83,7,,,1,4,,181,7,,,1,4,,57,7,,,1,4,,122,7,,,1,44,,185,7,,,1,4,,36,7,,,1,4,,165,7,,,1,4,,201,7,,,1,4,,134,7,,,1,4,,146,7,,,1,4,,197,7,,,1,4,,18,7,,,1,4,,177,7,,,1,4,,213,7,,,1,4,,104,7,,,1,4,,84,7,,,1,4,,182,7,,,1,4,,58,7,,,1,4,,123,7,,,1,44,,186,7,,,1,4,,37,7,,,1,4,,166,7,,,1,4,,202,7,,,1,4,,135,7,,,1,5,,147,7,,,1,3,,198,7,,,1,4,,19,7,,,1,4,,178,7,,,1,4,,214,7,,,1,4,,105,7,,,1,5,,85,7,,,1,7,,59,7,,,1,48,,187,7,,,1,7,,38,7,,,1,7,,203,7,,,1,8,,148,7,,,1,7,,20,7,,,1,7,,215,7,,,1,8,,86,7,,,1,9,,60,7,,,1,48,,188,7,,,1,9,,39,7,,,1,8,,204,7,,,1,9,,149,7,,,1,9,,216,7,,,1,8,,87,7,,,1,8,,61,7,,,1,49,,189,7,,,1,8,,40,7,,,1,9,,205,7,,,1,8,,150,7,,,1,9,,217,7,,,1,9,,88,7,,,1,8,,62,7,,,1,48,,190,7,,,1,9,,41,7,,,1,8,,206,7,,,1,9,,151,7,,,1,9,,218,7,,,1,8,,89,7,,,1,9,,63,7,,,1,48,,191,7,,,1,8,,42,7,,,1,9,,207,7,,,1,8,,152,7,,,1,9,,219,7,,,1,8,,90,7,,,1,9,,64,7,,,1,8,,192,7,,,1,49,,43,7,,,1,8,,208,7,,,1,9,,153,7,,,1,8,,220,7,,,1,9,,91,7,,,1,8,,65,7,,,1,9,,193,7,,,1,48,,44,7,,,1,9,,209,7,,,1,8,,154,7,,,1,9,,221,7,,,1,8,,92,7,,,1,9,,66,7,,,1,8,,194,7,,,1,49,,45,7,,,1,8,,210,7,,,1
100,'CFDMTh-Weekday-03',513,,222,7,,,1,8,,227,7,,,1,7,,282,7,,,1,11,,287,7,,,1,8,,264,7,,,1,10,,246,7,,,1,49,,242,7,,,1,8,,223,7,,,1,8,,228,7,,,1,6,,283,7,,,1,6,,307,7,,,1,6,,288,7,,,1,4,,323,7,,,1,4,,265,7,,,1,3,,326,7,,,1,4,,320,7,,,1,45,,247,7,,,1,3,,367,7,,,1,5,,243,7,,,1,3,,338,7,,,1,5,,224,7,,,1,3,,350,7,,,1,4,,229,7,,,1,4,,284,7,,,1,4,,379,7,,,1,5,,308,7,,,1,4,,289,7,,,1,4,,324,7,,,1,4,,266,7,,,1,4,,327,7,,,1,4,,321,7,,,1,44,,248,7,,,1,4,,368,7,,,1,4,,244,7,,,1,4,,339,7,,,1,4,,225,7,,,1,4,,351,7,,,1,4,,230,7,,,1,4,,285,7,,,1,4,,380,7,,,1,4,,309,7,,,1,4,,290,7,,,1,4,,325,7,,,1,4,,267,7,,,1,3,,328,7,,,1,5,,322,7,,,1,44,,249,7,,,1,3,,369,7,,,1,5,,245,7,,,1,3,,340,7,,,1,5,,226,7,,,1,3,,352,7,,,1,4,,231,7,,,1,4,,286,7,,,1,4,,381,7,,,1,6,,310,7,,,1,6,,291,7,,,1,7,,268,7,,,1,5,,329,7,,,1,47,,250,7,,,1,5,,370,7,,,1,6,,341,7,,,1,6,,353,7,,,1,7,,232,7,,,1,5,,382,7,,,1,7,,311,7,,,1,6,,292,7,,,1,6,,269,7,,,1,6,,330,7,,,1,46,,251,7,,,1,6,,371,7,,,1,6,,342,7,,,1,6,,354,7,,,1,6,,233,7,,,1,6,,383,7,,,1,6,,312,7,,,1,6,,293,7,,,1,6,,270,7,,,1,6,,331,7,,,1,46,,252,7,,,1,6,,372,7,,,1,6,,343,7,,,1,6,,355,7,,,1,6,,234,7,,,1,6,,384,7,,,1,6,,313,7,,,1,6,,294,7,,,1,6,,271,7,,,1,6,,332,7,,,1,46,,253,7,,,1,6,,373,7,,,1,6,,344,7,,,1,6,,356,7,,,1,6,,235,7,,,1,6,,385,7,,,1,6,,314,7,,,1,6,,295,7,,,1,6,,272,7,,,1,6,,333,7,,,1,46,,254,7,,,1,6,,374,7,,,1,6,,345,7,,,1,6,,357,7,,,1,6,,236,7,,,1,6,,386,7,,,1,6,,315,7,,,1,5,,296,7,,,1,4,,391,7,,,1,5,,273,7,,,1,4,,334,7,,,1,3,,395,7,,,1,45,,255,7,,,1,4,,375,7,,,1,3,,410,7,,,1,5,,346,7,,,1,4,,358,7,,,1,3,,406,7,,,1,5,,237,7,,,1,4,,387,7,,,1,3,,421,7,,,1,5,,316,7,,,1,4,,297,7,,,1,3,,392,7,,,1,5,,274,7,,,1,4,,335,7,,,1,3,,396,7,,,1,45,,256,7,,,1,4,,376,7,,,1,3,,411,7,,,1,5,,347,7,,,1,4,,359,7,,,1,3,,407,7,,,1,5,,238,7,,,1,4,,388,7,,,1,3,,422,7,,,1,5,,317,7,,,1,4,,298,7,,,1,4,,393,7,,,1,4,,275,7,,,1,4,,336,7,,,1,44,,397,7,,,1,4,,257,7,,,1,4,,377,7,,,1,4,,412,7,,,1,4,,348,7,,,1,4,,360,7,,,1,4,,408,7,,,1,4,,239,7,,,1,4,,389,7,,,1,4,,423,7,,,1,4,,318,7,,,1,4,,299,7,,,1,4,,394,7,,,1,4,,276,7,,,1,4,,337,7,,,1,44,,398,7,,,1,4,,258,7,,,1,4,,378,7,,,1,4,,413,7,,,1,4,,349,7,,,1,5,,361,7,,,1,3,,409,7,,,1,4,,240,7,,,1,4,,390,7,,,1,4,,424,7,,,1,4,,319,7,,,1,5,,300,7,,,1,7,,277,7,,,1,48,,399,7,,,1,7,,259,7,,,1,7,,414,7,,,1,8,,362,7,,,1,7,,241,7,,,1,7,,425,7,,,1,8,,301,7,,,1,9,,278,7,,,1,48,,400,7,,,1,9,,260,7,,,1,8,,415,7,,,1,9,,363,7,,,1,9,,426,7,,,1,8,,302,7,,,1,8,,279,7,,,1,49,,401,7,,,1,8,,261,7,,,1,9,,416,7,,,1,8,,364,7,,,1,9,,427,7,,,1,9,,303,7,,,1,8,,280,7,,,1,48,,402,7,,,1,9,,262,7,,,1,8,,417,7,,,1,9,,365,7,,,1,9,,428,7,,,1,8,,304,7,,,1,9,,281,7,,,1,48,,403,7,,,1,9,,263,7,,,1,8,,418,7,,,1,9,,366,7,,,1,8,,429,7,,,1,13,,305,7,,,1,54,,404,7,,,1,16,,419,7,,,1,17,,430,7,,,1,13,,306,7,,,1,55,,405,7,,,1,15,,420,7,,,1
100,'CFDSA-Saturday-03',614,,431,7,,,1,8,,451,7,,,1,9,,530,7,,,1,9,,471,7,,,1,8,,491,7,,,1,9,,550,7,,,1,49,,511,7,,,1,8,,432,7,,,1,9,,452,7,,,1,9,,531,7,,,1,8,,472,7,,,1,9,,492,7,,,1,9,,551,7,,,1,48,,512,7,,,1,9,,433,7,,,1,9,,453,7,,,1,8,,532,7,,,1,9,,473,7,,,1,9,,493,7,,,1,8,,552,7,,,1,49,,513,7,,,1,9,,434,7,,,1,8,,454,7,,,1,9,,533,7,,,1,9,,474,7,,,1,8,,494,7,,,1,9,,553,7,,,1,49,,514,7,,,1,8,,435,7,,,1,9,,455,7,,,1,9,,534,7,,,1,8,,475,7,,,1,9,,495,7,,,1,49,,554,7,,,1,8,,515,7,,,1,9,,436,7,,,1,9,,456,7,,,1,8,,535,7,,,1,9,,476,7,,,1,9,,496,7,,,1,48,,555,7,,,1,9,,516,7,,,1,9,,437,7,,,1,8,,457,7,,,1,9,,536,7,,,1,9,,477,7,,,1,8,,497,7,,,1,49,,556,7,,,1,9,,517,7,,,1,8,,438,7,,,1,9,,458,7,,,1,9,,537,7,,,1,8,,478,7,,,1,9,,498,7,,,1,49,,557,7,,,1,8,,518,7,,,1,9,,439,7,,,1,9,,459,7,,,1,8,,538,7,,,1,9,,479,7,,,1,9,,499,7,,,1,48,,558,7,,,1,9,,519,7,,,1,9,,440,7,,,1,8,,460,7,,,1,9,,539,7,,,1,9,,480,7,,,1,8,,500,7,,,1,49,,559,7,,,1,9,,520,7,,,1,8,,441,7,,,1,9,,461,7,,,1,9,,540,7,,,1,8,,481,7,,,1,9,,501,7,,,1,49,,560,7,,,1,8,,521,7,,,1,9,,442,7,,,1,9,,462,7,,,1,8,,541,7,,,1,9,,482,7,,,1,9,,502,7,,,1,48,,561,7,,,1,9,,522,7,,,1,9,,443,7,,,1,8,,463,7,,,1,9,,542,7,,,1,9,,483,7,,,1,8,,503,7,,,1,49,,562,7,,,1,9,,523,7,,,1,8,,444,7,,,1,9,,464,7,,,1,9,,543,7,,,1,8,,484,7,,,1,9,,504,7,,,1,49,,563,7,,,1,8,,524,7,,,1,9,,445,7,,,1,9,,465,7,,,1,8,,544,7,,,1,9,,485,7,,,1,9,,505,7,,,1,48,,564,7,,,1,9,,525,7,,,1,9,,446,7,,,1,8,,466,7,,,1,9,,545,7,,,1,9,,486,7,,,1,8,,506,7,,,1,49,,565,7,,,1,9,,526,7,,,1,8,,447,7,,,1,9,,467,7,,,1,9,,546,7,,,1,8,,487,7,,,1,9,,507,7,,,1,49,,566,7,,,1,8,,527,7,,,1,9,,448,7,,,1,9,,468,7,,,1,8,,547,7,,,1,9,,488,7,,,1,49,,508,7,,,1,8,,567,7,,,1,9,,528,7,,,1,9,,449,7,,,1,8,,469,7,,,1,9,,548,7,,,1,9,,489,7,,,1,48,,509,7,,,1,9,,568,7,,,1,9,,529,7,,,1,8,,450,7,,,1,9,,470,7,,,1,9,,549,7,,,1,8,,490,7,,,1,49,,510,7,,,1,13,,569,7,,,1
100,'CFDSU-Sunday-03',814,,570,7,,,1,9,,585,7,,,1,9,,645,7,,,1,8,,600,7,,,1,8,,615,7,,,1,10,,660,7,,,1,49,,630,7,,,1,9,,571,7,,,1,8,,586,7,,,1,9,,646,7,,,1,9,,601,7,,,1,8,,616,7,,,1,9,,661,7,,,1,49,,631,7,,,1,8,,572,7,,,1,9,,587,7,,,1,9,,647,7,,,1,8,,602,7,,,1,9,,617,7,,,1,49,,662,7,,,1,8,,632,7,,,1,9,,573,7,,,1,9,,588,7,,,1,8,,648,7,,,1,9,,603,7,,,1,9,,618,7,,,1,48,,663,7,,,1,9,,633,7,,,1,9,,574,7,,,1,8,,589,7,,,1,9,,649,7,,,1,9,,604,7,,,1,8,,619,7,,,1,49,,664,7,,,1,9,,634,7,,,1,8,,575,7,,,1,9,,590,7,,,1,9,,650,7,,,1,8,,605,7,,,1,9,,620,7,,,1,49,,665,7,,,1,8,,635,7,,,1,9,,576,7,,,1,9,,591,7,,,1,8,,651,7,,,1,9,,606,7,,,1,9,,621,7,,,1,48,,666,7,,,1,9,,636,7,,,1,9,,577,7,,,1,8,,592,7,,,1,9,,652,7,,,1,9,,607,7,,,1,8,,622,7,,,1,49,,667,7,,,1,9,,637,7,,,1,8,,578,7,,,1,9,,593,7,,,1,9,,653,7,,,1,8,,608,7,,,1,9,,623,7,,,1,49,,668,7,,,1,8,,638,7,,,1,9,,579,7,,,1,9,,594,7,,,1,8,,654,7,,,1,9,,609,7,,,1,9,,624,7,,,1,48,,669,7,,,1,9,,639,7,,,1,9,,580,7,,,1,8,,595,7,,,1,9,,655,7,,,1,9,,610,7,,,1,8,,625,7,,,1,49,,670,7,,,1,9,,640,7,,,1,8,,581,7,,,1,9,,596,7,,,1,9,,656,7,,,1,8,,611,7,,,1,9,,626,7,,,1,49,,671,7,,,1,8,,641,7,,,1,9,,582,7,,,1,9,,597,7,,,1,8,,657,7,,,1,9,,612,7,,,1,9,,627,7,,,1,48,,672,7,,,1,9,,642,7,,,1,9,,583,7,,,1,8,,598,7,,,1,9,,658,7,,,1,9,,613,7,,,1,8,,628,7,,,1,49,,673,7,,,1,9,,643,7,,,1,8,,584,7,,,1,9,,599,7,,,1,9,,659,7,,,1,8,,614,7,,,1,9,,629,7,,,1,49,,674,7,,,1,8,,644,7,,,1
100,'CFDSU-Sunday-04',614,,782,7,,,1,15,,783,7,,,1,15,,784,7,,,1,15,,785,7,,,1,55,,781,7,,,1,15,,787,7,,,1,15,,786,7,,,1,15,,780,7,,,1,55,,675,7,,,1,9,,690,7,,,1,9,,750,7,,,1,8,,705,7,,,1,8,,720,7,,,1,10,,765,7,,,1,49,,735,7,,,1,9,,676,7,,,1,8,,691,7,,,1,9,,751,7,,,1,9,,706,7,,,1,8,,721,7,,,1,9,,766,7,,,1,49,,736,7,,,1,8,,677,7,,,1,9,,692,7,,,1,9,,752,7,,,1,8,,707,7,,,1,9,,722,7,,,1,49,,767,7,,,1,8,,737,7,,,1,9,,678,7,,,1,9,,693,7,,,1,8,,753,7,,,1,9,,708,7,,,1,9,,723,7,,,1,48,,768,7,,,1,9,,738,7,,,1,9,,679,7,,,1,8,,694,7,,,1,9,,754,7,,,1,9,,709,7,,,1,8,,724,7,,,1,49,,769,7,,,1,9,,739,7,,,1,8,,680,7,,,1,9,,695,7,,,1,9,,755,7,,,1,8,,710,7,,,1,9,,725,7,,,1,49,,770,7,,,1,8,,740,7,,,1,9,,681,7,,,1,9,,696,7,,,1,8,,756,7,,,1,9,,711,7,,,1,9,,726,7,,,1,48,,771,7,,,1,9,,741,7,,,1,9,,682,7,,,1,8,,697,7,,,1,9,,757,7,,,1,9,,712,7,,,1,8,,727,7,,,1,49,,772,7,,,1,9,,742,7,,,1,8,,683,7,,,1,9,,698,7,,,1,9,,758,7,,,1,8,,713,7,,,1,9,,728,7,,,1,49,,773,7,,,1,8,,743,7,,,1,9,,684,7,,,1,9,,699,7,,,1,8,,759,7,,,1,9,,714,7,,,1,9,,729,7,,,1,48,,774,7,,,1,9,,744,7,,,1,9,,685,7,,,1,8,,700,7,,,1,9,,760,7,,,1,9,,715,7,,,1,8,,730,7,,,1,49,,775,7,,,1,9,,745,7,,,1,8,,686,7,,,1,9,,701,7,,,1,9,,761,7,,,1,8,,716,7,,,1,9,,731,7,,,1,49,,776,7,,,1,8,,746,7,,,1,9,,687,7,,,1,9,,702,7,,,1,8,,762,7,,,1,9,,717,7,,,1,9,,732,7,,,1,48,,777,7,,,1,9,,747,7,,,1,9,,688,7,,,1,8,,703,7,,,1,9,,763,7,,,1,9,,718,7,,,1,8,,733,7,,,1,49,,778,7,,,1,9,,748,7,,,1,8,,689,7,,,1,9,,704,7,,,1,9,,764,7,,,1,8,,719,7,,,1,9,,734,7,,,1,49,,779,7,,,1,8,,749,7,,,1
101,'CFDFri-Weekday-03',515,,831,7,,,1,9,,810,7,,,1,11,,806,7,,,1,9,,788,7,,,1,9,,792,7,,,1,6,,852,7,,,1,52,,856,7,,,1,7,,832,7,,,1,7,,889,7,,,1,6,,811,7,,,1,8,,807,7,,,1,3,,905,7,,,1,5,,789,7,,,1,3,,917,7,,,1,4,,793,7,,,1,5,,853,7,,,1,43,,948,7,,,1,5,,877,7,,,1,4,,857,7,,,1,4,,892,7,,,1,4,,833,7,,,1,4,,894,7,,,1,4,,890,7,,,1,4,,812,7,,,1,4,,937,7,,,1,4,,808,7,,,1,4,,906,7,,,1,4,,790,7,,,1,4,,918,7,,,1,3,,794,7,,,1,4,,854,7,,,1,45,,949,7,,,1,4,,878,7,,,1,4,,858,7,,,1,4,,893,7,,,1,4,,834,7,,,1,4,,895,7,,,1,4,,891,7,,,1,4,,813,7,,,1,4,,938,7,,,1,4,,809,7,,,1,4,,907,7,,,1,4,,791,7,,,1,4,,919,7,,,1,4,,795,7,,,1,4,,855,7,,,1,44,,950,7,,,1,4,,879,7,,,1,4,,859,7,,,1,7,,835,7,,,1,6,,896,7,,,1,7,,814,7,,,1,5,,939,7,,,1,7,,908,7,,,1,7,,920,7,,,1,6,,796,7,,,1,46,,951,7,,,1,6,,880,7,,,1,7,,860,7,,,1,6,,836,7,,,1,6,,897,7,,,1,6,,815,7,,,1,6,,940,7,,,1,6,,909,7,,,1,6,,921,7,,,1,6,,797,7,,,1,46,,952,7,,,1,6,,881,7,,,1,6,,861,7,,,1,6,,837,7,,,1,6,,898,7,,,1,6,,816,7,,,1,6,,941,7,,,1,6,,910,7,,,1,6,,922,7,,,1,6,,798,7,,,1,46,,953,7,,,1,6,,882,7,,,1,6,,862,7,,,1,6,,838,7,,,1,6,,899,7,,,1,6,,817,7,,,1,6,,942,7,,,1,6,,911,7,,,1,6,,923,7,,,1,6,,799,7,,,1,46,,954,7,,,1,6,,883,7,,,1,6,,863,7,,,1,6,,839,7,,,1,6,,900,7,,,1,6,,818,7,,,1,6,,943,7,,,1,6,,912,7,,,1,6,,924,7,,,1,6,,800,7,,,1,46,,955,7,,,1,6,,884,7,,,1,6,,864,7,,,1,6,,840,7,,,1,6,,901,7,,,1,6,,819,7,,,1,6,,944,7,,,1,6,,913,7,,,1,5,,925,7,,,1,5,,974,7,,,1,4,,801,7,,,1,44,,956,7,,,1,4,,989,7,,,1,4,,885,7,,,1,4,,865,7,,,1,4,,960,7,,,1,4,,841,7,,,1,4,,902,7,,,1,4,,963,7,,,1,4,,820,7,,,1,4,,945,7,,,1,4,,978,7,,,1,4,,914,7,,,1,4,,926,7,,,1,4,,975,7,,,1,4,,802,7,,,1,44,,957,7,,,1,4,,990,7,,,1,4,,886,7,,,1,4,,866,7,,,1,4,,961,7,,,1,4,,842,7,,,1,4,,903,7,,,1,4,,964,7,,,1,4,,821,7,,,1,4,,946,7,,,1,4,,979,7,,,1,4,,915,7,,,1,4,,927,7,,,1,4,,976,7,,,1,4,,803,7,,,1,44,,958,7,,,1,4,,991,7,,,1,4,,887,7,,,1,4,,867,7,,,1,4,,962,7,,,1,4,,843,7,,,1,4,,904,7,,,1,4,,965,7,,,1,4,,822,7,,,1,4,,947,7,,,1,4,,980,7,,,1,4,,916,7,,,1,4,,928,7,,,1,4,,977,7,,,1,4,,804,7,,,1,44,,959,7,,,1,4,,992,7,,,1,4,,888,7,,,1,4,,868,7,,,1,8,,844,7,,,1,8,,966,7,,,1,6,,823,7,,,1,8,,981,7,,,1,8,,929,7,,,1,47,,805,7,,,1,7,,993,7,,,1,8,,869,7,,,1,8,,845,7,,,1,8,,967,7,,,1,7,,824,7,,,1,8,,982,7,,,1,11,,930,7,,,1,50,,994,7,,,1,8,,870,7,,,1,9,,846,7,,,1,8,,968,7,,,1,9,,825,7,,,1,8,,983,7,,,1,9,,931,7,,,1,48,,995,7,,,1,9,,871,7,,,1,8,,847,7,,,1,9,,969,7,,,1,8,,826,7,,,1,9,,984,7,,,1,8,,932,7,,,1,49,,996,7,,,1,8,,872,7,,,1,9,,848,7,,,1,8,,970,7,,,1,9,,827,7,,,1,8,,985,7,,,1,9,,933,7,,,1,48,,997,7,,,1,9,,873,7,,,1,8,,849,7,,,1,9,,971,7,,,1,8,,828,7,,,1,9,,986,7,,,1,8,,934,7,,,1,49,,998,7,,,1,8,,874,7,,,1,9,,850,7,,,1,8,,972,7,,,1,9,,829,7,,,1,8,,987,7,,,1,9,,935,7,,,1,48,,999,7,,,1,9,,875,7,,,1,8,,851,7,,,1,9,,973,7,,,1,8,,830,7,,,1,9,,988,7,,,1,8,,936,7,,,1,49,,1000,7,,,1,11,,876,7,,,1
101,'CFDMTh-Weekday-03',515,,1041,7,,,1,9,,1023,7,,,1,11,,1019,7,,,1,9,,1001,7,,,1,9,,1005,7,,,1,6,,1059,7,,,1,52,,1063,7,,,1,7,,1042,7,,,1,7,,1095,7,,,1,6,,1024,7,,,1,8,,1020,7,,,1,3,,1111,7,,,1,5,,1002,7,,,1,3,,1123,7,,,1,4,,1006,7,,,1,5,,1060,7,,,1,43,,1151,7,,,1,5,,1083,7,,,1,4,,1064,7,,,1,4,,1098,7,,,1,4,,1043,7,,,1,4,,1100,7,,,1,4,,1096,7,,,1,4,,1025,7,,,1,4,,1140,7,,,1,4,,1021,7,,,1,4,,1112,7,,,1,4,,1003,7,,,1,4,,1124,7,,,1,3,,1007,7,,,1,4,,1061,7,,,1,45,,1152,7,,,1,4,,1084,7,,,1,4,,1065,7,,,1,4,,1099,7,,,1,4,,1044,7,,,1,4,,1101,7,,,1,4,,1097,7,,,1,4,,1026,7,,,1,4,,1141,7,,,1,4,,1022,7,,,1,4,,1113,7,,,1,4,,1004,7,,,1,4,,1125,7,,,1,4,,1008,7,,,1,4,,1062,7,,,1,44,,1153,7,,,1,4,,1085,7,,,1,4,,1066,7,,,1,7,,1045,7,,,1,6,,1102,7,,,1,7,,1027,7,,,1,5,,1142,7,,,1,7,,1114,7,,,1,7,,1126,7,,,1,6,,1009,7,,,1,46,,1154,7,,,1,6,,1086,7,,,1,7,,1067,7,,,1,6,,1046,7,,,1,6,,1103,7,,,1,6,,1028,7,,,1,6,,1143,7,,,1,6,,1115,7,,,1,6,,1127,7,,,1,6,,1010,7,,,1,46,,1155,7,,,1,6,,1087,7,,,1,6,,1068,7,,,1,6,,1047,7,,,1,6,,1104,7,,,1,6,,1029,7,,,1,6,,1144,7,,,1,6,,1116,7,,,1,6,,1128,7,,,1,6,,1011,7,,,1,46,,1156,7,,,1,6,,1088,7,,,1,6,,1069,7,,,1,6,,1048,7,,,1,6,,1105,7,,,1,6,,1030,7,,,1,6,,1145,7,,,1,6,,1117,7,,,1,6,,1129,7,,,1,6,,1012,7,,,1,46,,1157,7,,,1,6,,1089,7,,,1,6,,1070,7,,,1,6,,1049,7,,,1,6,,1106,7,,,1,6,,1031,7,,,1,6,,1146,7,,,1,6,,1118,7,,,1,6,,1130,7,,,1,6,,1013,7,,,1,46,,1158,7,,,1,6,,1090,7,,,1,6,,1071,7,,,1,6,,1050,7,,,1,6,,1107,7,,,1,6,,1032,7,,,1,6,,1147,7,,,1,6,,1119,7,,,1,5,,1131,7,,,1,5,,1176,7,,,1,4,,1014,7,,,1,44,,1159,7,,,1,4,,1190,7,,,1,4,,1091,7,,,1,4,,1072,7,,,1,4,,1163,7,,,1,4,,1051,7,,,1,4,,1108,7,,,1,4,,1166,7,,,1,4,,1033,7,,,1,4,,1148,7,,,1,4,,1180,7,,,1,4,,1120,7,,,1,4,,1132,7,,,1,4,,1177,7,,,1,4,,1015,7,,,1,44,,1160,7,,,1,4,,1191,7,,,1,4,,1092,7,,,1,4,,1073,7,,,1,4,,1164,7,,,1,4,,1052,7,,,1,4,,1109,7,,,1,4,,1167,7,,,1,4,,1034,7,,,1,4,,1149,7,,,1,4,,1181,7,,,1,4,,1121,7,,,1,4,,1133,7,,,1,4,,1178,7,,,1,4,,1016,7,,,1,44,,1161,7,,,1,4,,1192,7,,,1,4,,1093,7,,,1,4,,1074,7,,,1,4,,1165,7,,,1,4,,1053,7,,,1,4,,1110,7,,,1,4,,1168,7,,,1,4,,1035,7,,,1,4,,1150,7,,,1,4,,1182,7,,,1,4,,1122,7,,,1,4,,1134,7,,,1,4,,1179,7,,,1,4,,1017,7,,,1,44,,1162,7,,,1,4,,1193,7,,,1,4,,1094,7,,,1,4,,1075,7,,,1,8,,1054,7,,,1,8,,1169,7,,,1,6,,1036,7,,,1,8,,1183,7,,,1,8,,1135,7,,,1,47,,1018,7,,,1,7,,1194,7,,,1,8,,1076,7,,,1,8,,1055,7,,,1,8,,1170,7,,,1,7,,1037,7,,,1,8,,1184,7,,,1,11,,1136,7,,,1,50,,1195,7,,,1,8,,1077,7,,,1,9,,1056,7,,,1,8,,1171,7,,,1,9,,1038,7,,,1,8,,1185,7,,,1,9,,1137,7,,,1,48,,1196,7,,,1,9,,1078,7,,,1,8,,1057,7,,,1,9,,1172,7,,,1,8,,1039,7,,,1,9,,1186,7,,,1,8,,1138,7,,,1,49,,1197,7,,,1,8,,1079,7,,,1,9,,1058,7,,,1,8,,1173,7,,,1,9,,1040,7,,,1,8,,1187,7,,,1,9,,1139,7,,,1,49,,1198,7,,,1,8,,1080,7,,,1,17,,1174,7,,,1,17,,1188,7,,,1,57,,1199,7,,,1,13,,1081,7,,,1,15,,1175,7,,,1,15,,1189,7,,,1,57,,1200,7,,,1,12,,1082,7,,,1
101,'CFDSA-Saturday-03',619,,1260,7,,,1,8,,1320,7,,,1,9,,1280,7,,,1,9,,1201,7,,,1,8,,1221,7,,,1,49,,1300,7,,,1,9,,1241,7,,,1,8,,1261,7,,,1,9,,1321,7,,,1,9,,1281,7,,,1,8,,1202,7,,,1,9,,1222,7,,,1,49,,1301,7,,,1,8,,1242,7,,,1,9,,1262,7,,,1,9,,1322,7,,,1,8,,1282,7,,,1,9,,1203,7,,,1,9,,1223,7,,,1,48,,1302,7,,,1,9,,1243,7,,,1,9,,1263,7,,,1,8,,1323,7,,,1,9,,1283,7,,,1,9,,1204,7,,,1,8,,1224,7,,,1,49,,1303,7,,,1,9,,1244,7,,,1,8,,1264,7,,,1,9,,1324,7,,,1,9,,1284,7,,,1,8,,1205,7,,,1,9,,1225,7,,,1,49,,1304,7,,,1,8,,1245,7,,,1,9,,1265,7,,,1,9,,1325,7,,,1,8,,1285,7,,,1,9,,1206,7,,,1,9,,1226,7,,,1,48,,1305,7,,,1,9,,1246,7,,,1,9,,1266,7,,,1,8,,1326,7,,,1,9,,1286,7,,,1,9,,1207,7,,,1,8,,1227,7,,,1,49,,1306,7,,,1,9,,1247,7,,,1,8,,1267,7,,,1,9,,1327,7,,,1,9,,1287,7,,,1,8,,1208,7,,,1,9,,1228,7,,,1,49,,1307,7,,,1,8,,1248,7,,,1,9,,1268,7,,,1,9,,1328,7,,,1,8,,1288,7,,,1,9,,1209,7,,,1,9,,1229,7,,,1,48,,1308,7,,,1,9,,1249,7,,,1,9,,1269,7,,,1,8,,1329,7,,,1,9,,1289,7,,,1,9,,1210,7,,,1,8,,1230,7,,,1,49,,1309,7,,,1,9,,1250,7,,,1,8,,1270,7,,,1,9,,1330,7,,,1,9,,1290,7,,,1,8,,1211,7,,,1,49,,1231,7,,,1,9,,1310,7,,,1,8,,1251,7,,,1,9,,1271,7,,,1,9,,1331,7,,,1,8,,1291,7,,,1,9,,1212,7,,,1,49,,1232,7,,,1,8,,1311,7,,,1,9,,1252,7,,,1,9,,1272,7,,,1,8,,1332,7,,,1,9,,1292,7,,,1,9,,1213,7,,,1,48,,1233,7,,,1,9,,1312,7,,,1,9,,1253,7,,,1,8,,1273,7,,,1,9,,1333,7,,,1,9,,1293,7,,,1,8,,1214,7,,,1,49,,1234,7,,,1,9,,1313,7,,,1,8,,1254,7,,,1,9,,1274,7,,,1,9,,1334,7,,,1,8,,1294,7,,,1,9,,1215,7,,,1,49,,1235,7,,,1,8,,1314,7,,,1,9,,1255,7,,,1,9,,1275,7,,,1,8,,1335,7,,,1,9,,1295,7,,,1,9,,1216,7,,,1,48,,1236,7,,,1,9,,1315,7,,,1,9,,1256,7,,,1,8,,1276,7,,,1,9,,1336,7,,,1,9,,1296,7,,,1,8,,1217,7,,,1,49,,1237,7,,,1,9,,1316,7,,,1,8,,1257,7,,,1,9,,1277,7,,,1,9,,1337,7,,,1,8,,1297,7,,,1,9,,1218,7,,,1,49,,1238,7,,,1,8,,1317,7,,,1,9,,1258,7,,,1,9,,1278,7,,,1,8,,1338,7,,,1,9,,1298,7,,,1,9,,1219,7,,,1,48,,1239,7,,,1,9,,1318,7,,,1,9,,1259,7,,,1,8,,1279,7,,,1,9,,1339,7,,,1,9,,1299,7,,,1,8,,1220,7,,,1,49,,1240,7,,,1,9,,1319,7,,,1
101,'CFDSU-Sunday-03',817,,1384,7,,,1,10,,1429,7,,,1,10,,1399,7,,,1,9,,1340,7,,,1,9,,1355,7,,,1,48,,1414,7,,,1,9,,1370,7,,,1,9,,1385,7,,,1,8,,1430,7,,,1,9,,1400,7,,,1,9,,1341,7,,,1,8,,1356,7,,,1,49,,1415,7,,,1,9,,1371,7,,,1,8,,1386,7,,,1,9,,1431,7,,,1,9,,1401,7,,,1,8,,1342,7,,,1,9,,1357,7,,,1,49,,1416,7,,,1,8,,1372,7,,,1,9,,1387,7,,,1,9,,1432,7,,,1,8,,1402,7,,,1,9,,1343,7,,,1,9,,1358,7,,,1,48,,1417,7,,,1,9,,1373,7,,,1,9,,1388,7,,,1,8,,1433,7,,,1,9,,1403,7,,,1,9,,1344,7,,,1,8,,1359,7,,,1,49,,1418,7,,,1,9,,1374,7,,,1,8,,1389,7,,,1,9,,1434,7,,,1,9,,1404,7,,,1,8,,1345,7,,,1,9,,1360,7,,,1,49,,1419,7,,,1,8,,1375,7,,,1,9,,1390,7,,,1,9,,1435,7,,,1,8,,1405,7,,,1,9,,1346,7,,,1,9,,1361,7,,,1,48,,1420,7,,,1,9,,1376,7,,,1,9,,1391,7,,,1,8,,1436,7,,,1,9,,1406,7,,,1,9,,1347,7,,,1,8,,1362,7,,,1,49,,1421,7,,,1,9,,1377,7,,,1,8,,1392,7,,,1,9,,1437,7,,,1,9,,1407,7,,,1,8,,1348,7,,,1,49,,1363,7,,,1,9,,1422,7,,,1,8,,1378,7,,,1,9,,1393,7,,,1,9,,1438,7,,,1,8,,1408,7,,,1,9,,1349,7,,,1,49,,1364,7,,,1,8,,1423,7,,,1,9,,1379,7,,,1,9,,1394,7,,,1,8,,1439,7,,,1,9,,1409,7,,,1,9,,1350,7,,,1,48,,1365,7,,,1,9,,1424,7,,,1,9,,1380,7,,,1,8,,1395,7,,,1,9,,1440,7,,,1,9,,1410,7,,,1,8,,1351,7,,,1,49,,1366,7,,,1,9,,1425,7,,,1,8,,1381,7,,,1,9,,1396,7,,,1,9,,1441,7,,,1,8,,1411,7,,,1,9,,1352,7,,,1,49,,1367,7,,,1,8,,1426,7,,,1,9,,1382,7,,,1,9,,1397,7,,,1,8,,1442,7,,,1,9,,1412,7,,,1,9,,1353,7,,,1,48,,1368,7,,,1,9,,1427,7,,,1,9,,1383,7,,,1,8,,1398,7,,,1,9,,1443,7,,,1,9,,1413,7,,,1,8,,1354,7,,,1,49,,1369,7,,,1,11,,1428,7,,,1
101,'CFDSU-Sunday-04',615,,1555,7,,,1,15,,1554,7,,,1,15,,1553,7,,,1,55,,1551,7,,,1,15,,1552,7,,,1,15,,1548,7,,,1,15,,1550,7,,,1,55,,1549,7,,,1,17,,1488,7,,,1,10,,1533,7,,,1,10,,1503,7,,,1,9,,1444,7,,,1,9,,1459,7,,,1,48,,1518,7,,,1,9,,1474,7,,,1,9,,1489,7,,,1,8,,1534,7,,,1,9,,1504,7,,,1,9,,1445,7,,,1,8,,1460,7,,,1,49,,1519,7,,,1,9,,1475,7,,,1,8,,1490,7,,,1,9,,1535,7,,,1,9,,1505,7,,,1,8,,1446,7,,,1,9,,1461,7,,,1,49,,1520,7,,,1,8,,1476,7,,,1,9,,1491,7,,,1,9,,1536,7,,,1,8,,1506,7,,,1,9,,1447,7,,,1,9,,1462,7,,,1,48,,1521,7,,,1,9,,1477,7,,,1,9,,1492,7,,,1,8,,1537,7,,,1,9,,1507,7,,,1,9,,1448,7,,,1,8,,1463,7,,,1,49,,1522,7,,,1,9,,1478,7,,,1,8,,1493,7,,,1,9,,1538,7,,,1,9,,1508,7,,,1,8,,1449,7,,,1,9,,1464,7,,,1,49,,1523,7,,,1,8,,1479,7,,,1,9,,1494,7,,,1,9,,1539,7,,,1,8,,1509,7,,,1,9,,1450,7,,,1,9,,1465,7,,,1,48,,1524,7,,,1,9,,1480,7,,,1,9,,1495,7,,,1,8,,1540,7,,,1,9,,1510,7,,,1,9,,1451,7,,,1,8,,1466,7,,,1,49,,1525,7,,,1,9,,1481,7,,,1,8,,1496,7,,,1,9,,1541,7,,,1,9,,1511,7,,,1,8,,1452,7,,,1,49,,1467,7,,,1,9,,1526,7,,,1,8,,1482,7,,,1,9,,1497,7,,,1,9,,1542,7,,,1,8,,1512,7,,,1,9,,1453,7,,,1,49,,1468,7,,,1,8,,1527,7,,,1,9,,1483,7,,,1,9,,1498,7,,,1,8,,1543,7,,,1,9,,1513,7,,,1,9,,1454,7,,,1,48,,1469,7,,,1,9,,1528,7,,,1,9,,1484,7,,,1,8,,1499,7,,,1,9,,1544,7,,,1,9,,1514,7,,,1,8,,1455,7,,,1,49,,1470,7,,,1,9,,1529,7,,,1,8,,1485,7,,,1,9,,1500,7,,,1,9,,1545,7,,,1,8,,1515,7,,,1,9,,1456,7,,,1,49,,1471,7,,,1,8,,1530,7,,,1,9,,1486,7,,,1,9,,1501,7,,,1,8,,1546,7,,,1,9,,1516,7,,,1,9,,1457,7,,,1,48,,1472,7,,,1,9,,1531,7,,,1,9,,1487,7,,,1,8,,1502,7,,,1,9,,1547,7,,,1,9,,1517,7,,,1,8,,1458,7,,,1,49,,1473,7,,,1,11,,1532,7,,,1
