100,'CFDFri-Weekday-03',523,,1,11,,,1,8,,6,11,,,1,7,,67,11,,,1,11,,72,11,,,1,8,,46,11,,,1,50,,25,11,,,1,9,,21,11,,,1,8,,2,11,,,1,8,,7,11,,,1,6,,68,11,,,1,6,,93,11,,,1,6,,73,11,,,1,5,,109,11,,,1,4,,47,11,,,1,43,,112,11,,,1,4,,106,11,,,1,5,,26,11,,,1,3,,155,11,,,1,5,,22,11,,,1,3,,124,11,,,1,5,,3,11,,,1,3,,136,11,,,1,4,,8,11,,,1,4,,69,11,,,1,4,,167,11,,,1,5,,94,11,,,1,4,,74,11,,,1,4,,110,11,,,1,4,,48,11,,,1,44,,113,11,,,1,4,,107,11,,,1,4,,27,11,,,1,4,,156,11,,,1,4,,23,11,,,1,4,,125,11,,,1,4,,4,11,,,1,4,,137,11,,,1,4,,9,11,,,1,4,,70,11,,,1,4,,168,11,,,1,4,,95,11,,,1,4,,75,11,,,1,4,,111,11,,,1,4,,49,11,,,1,43,,114,11,,,1,5,,108,11,,,1,4,,28,11,,,1,3,,157,11,,,1,5,,24,11,,,1,3,,126,11,,,1,5,,5,11,,,1,3,,138,11,,,1,4,,10,11,,,1,4,,71,11,,,1,4,,169,11,,,1,6,,96,11,,,1,6,,76,11,,,1,46,,50,11,,,1,5,,115,11,,,1,7,,29,11,,,1,5,,158,11,,,1,6,,127,11,,,1,6,,139,11,,,1,7,,11,11,,,1,5,,170,11,,,1,7,,97,11,,,1,6,,77,11,,,1,46,,51,11,,,1,6,,116,11,,,1,6,,30,11,,,1,6,,159,11,,,1,6,,128,11,,,1,6,,140,11,,,1,6,,12,11,,,1,6,,171,11,,,1,6,,98,11,,,1,6,,78,11,,,1,46,,52,11,,,1,6,,117,11,,,1,6,,31,11,,,1,6,,160,11,,,1,6,,129,11,,,1,6,,141,11,,,1,6,,13,11,,,1,6,,172,11,,,1,6,,99,11,,,1,6,,79,11,,,1,46,,53,11,,,1,6,,118,11,,,1,6,,32,11,,,1,6,,161,11,,,1,6,,130,11,,,1,6,,142,11,,,1,6,,14,11,,,1,6,,173,11,,,1,6,,100,11,,,1,6,,80,11,,,1,46,,54,11,,,1,6,,119,11,,,1,6,,33,11,,,1,6,,162,11,,,1,6,,131,11,,,1,6,,143,11,,,1,6,,15,11,,,1,6,,174,11,,,1,6,,101,11,,,1,5,,81,11,,,1,4,,179,11,,,1,45,,55,11,,,1,4,,120,11,,,1,3,,183,11,,,1,5,,34,11,,,1,4,,163,11,,,1,3,,199,11,,,1,6,,132,11,,,1,4,,144,11,,,1,3,,195,11,,,1,5,,16,11,,,1,4,,175,11,,,1,3,,211,11,,,1,5,,102,11,,,1,4,,82,11,,,1,3,,180,11,,,1,45,,56,11,,,1,4,,121,11,,,1,3,,184,11,,,1,5,,35,11,,,1,4,,164,11,,,1,3,,200,11,,,1,5,,133,11,,,1,4,,145,11,,,1,3,,196,11,,,1,5,,17,11,,,1,4,,176,11,,,1,3,,212,11,,,1,5,,103,11,,,1,4,,83,11,,,1,4,,181,11,,,1,44,,57,11,,,1,4,,122,11,,,1,4,,185,11,,,1,4,,36,11,,,1,4,,165,11,,,1,4,,201,11,,,1,4,,134,11,,,1,4,,146,11,,,1,4,,197,11,,,1,4,,18,11,,,1,4,,177,11,,,1,4,,213,11,,,1,4,,104,11,,,1,4,,84,11,,,1,4,,182,11,,,1,44,,58,11,,,1,4,,123,11,,,1,4,,186,11,,,1,4,,37,11,,,1,4,,166,11,,,1,4,,202,11,,,1,4,,135,11,,,1,5,,147,11,,,1,3,,198,11,,,1,4,,19,11,,,1,4,,178,11,,,1,4,,214,11,,,1,4,,105,11,,,1,4,,85,11,,,1,47,,59,11,,,1,8,,187,11,,,1,7,,38,11,,,1,7,,203,11,,,1,8,,148,11,,,1,7,,20,11,,,1,7,,215,11,,,1,8,,86,11,,,1,49,,60,11,,,1,8,,188,11,,,1,9,,39,11,,,1,8,,204,11,,,1,9,,149,11,,,1,9,,216,11,,,1,8,,87,11,,,1,48,,61,11,,,1,9,,189,11,,,1,8,,40,11,,,1,9,,205,11,,,1,8,,150,11,,,1,9,,217,11,,,1,9,,88,11,,,1,48,,62,11,,,1,8,,190,11,,,1,9,,41,11,,,1,8,,206,11,,,1,9,,151,11,,,1,9,,218,11,,,1,8,,89,11,,,1,49,,63,11,,,1,8,,191,11,,,1,8,,42,11,,,1,9,,207,11,,,1,8,,152,11,,,1,9,,219,11,,,1,8,,90,11,,,1,49,,64,11,,,1,8,,192,11,,,1,9,,43,11,,,1,8,,208,11,,,1,9,,153,11,,,1,8,,220,11,,,1,9,,91,11,,,1,48,,65,11,,,1,9,,193,11,,,1,8,,44,11,,,1,9,,209,11,,,1,8,,154,11,,,1,9,,221,11,,,1,8,,92,11,,,1,49,,66,11,,,1,8,,194,11,,,1,9,,45,11,,,1,8,,210,11,,,1
100,'CFDMTh-Weekday-03',523,,222,11,,,1,8,,227,11,,,1,7,,282,11,,,1,11,,287,11,,,1,8,,264,11,,,1,50,,246,11,,,1,9,,242,11,,,1,8,,223,11,,,1,8,,228,11,,,1,6,,283,11,,,1,6,,307,11,,,1,6,,288,11,,,1,5,,323,11,,,1,4,,265,11,,,1,43,,326,11,,,1,4,,320,11,,,1,5,,247,11,,,1,3,,367,11,,,1,5,,243,11,,,1,3,,338,11,,,1,5,,224,11,,,1,3,,350,11,,,1,4,,229,11,,,1,4,,284,11,,,1,4,,379,11,,,1,5,,308,11,,,1,4,,289,11,,,1,4,,324,11,,,1,4,,266,11,,,1,44,,327,11,,,1,4,,321,11,,,1,4,,248,11,,,1,4,,368,11,,,1,4,,244,11,,,1,4,,339,11,,,1,4,,225,11,,,1,4,,351,11,,,1,4,,230,11,,,1,4,,285,11,,,1,4,,380,11,,,1,4,,309,11,,,1,4,,290,11,,,1,4,,325,11,,,1,4,,267,11,,,1,43,,328,11,,,1,5,,322,11,,,1,4,,249,11,,,1,3,,369,11,,,1,5,,245,11,,,1,3,,340,11,,,1,5,,226,11,,,1,3,,352,11,,,1,4,,231,11,,,1,4,,286,11,,,1,4,,381,11,,,1,6,,310,11,,,1,6,,291,11,,,1,46,,268,11,,,1,5,,329,11,,,1,7,,250,11,,,1,5,,370,11,,,1,6,,341,11,,,1,6,,353,11,,,1,7,,232,11,,,1,5,,382,11,,,1,7,,311,11,,,1,6,,292,11,,,1,46,,269,11,,,1,6,,330,11,,,1,6,,251,11,,,1,6,,371,11,,,1,6,,342,11,,,1,6,,354,11,,,1,6,,233,11,,,1,6,,383,11,,,1,6,,312,11,,,1,6,,293,11,,,1,46,,270,11,,,1,6,,331,11,,,1,6,,252,11,,,1,6,,372,11,,,1,6,,343,11,,,1,6,,355,11,,,1,6,,234,11,,,1,6,,384,11,,,1,6,,313,11,,,1,6,,294,11,,,1,46,,271,11,,,1,6,,332,11,,,1,6,,253,11,,,1,6,,373,11,,,1,6,,344,11,,,1,6,,356,11,,,1,6,,235,11,,,1,6,,385,11,,,1,6,,314,11,,,1,6,,295,11,,,1,46,,272,11,,,1,6,,333,11,,,1,6,,254,11,,,1,6,,374,11,,,1,6,,345,11,,,1,6,,357,11,,,1,6,,236,11,,,1,6,,386,11,,,1,6,,315,11,,,1,5,,296,11,,,1,4,,391,11,,,1,45,,273,11,,,1,4,,334,11,,,1,3,,395,11,,,1,5,,255,11,,,1,4,,375,11,,,1,3,,410,11,,,1,6,,346,11,,,1,4,,358,11,,,1,3,,406,11,,,1,5,,237,11,,,1,4,,387,11,,,1,3,,421,11,,,1,5,,316,11,,,1,4,,297,11,,,1,3,,392,11,,,1,45,,274,11,,,1,4,,335,11,,,1,3,,396,11,,,1,5,,256,11,,,1,4,,376,11,,,1,3,,411,11,,,1,5,,347,11,,,1,4,,359,11,,,1,3,,407,11,,,1,5,,238,11,,,1,4,,388,11,,,1,3,,422,11,,,1,5,,317,11,,,1,4,,298,11,,,1,4,,393,11,,,1,44,,275,11,,,1,4,,336,11,,,1,4,,397,11,,,1,4,,257,11,,,1,4,,377,11,,,1,4,,412,11,,,1,4,,348,11,,,1,4,,360,11,,,1,4,,408,11,,,1,4,,239,11,,,1,4,,389,11,,,1,4,,423,11,,,1,4,,318,11,,,1,4,,299,11,,,1,4,,394,11,,,1,44,,276,11,,,1,4,,337,11,,,1,4,,398,11,,,1,4,,258,11,,,1,4,,378,11,,,1,4,,413,11,,,1,4,,349,11,,,1,5,,361,11,,,1,3,,409,11,,,1,4,,240,11,,,1,4,,390,11,,,1,4,,424,11,,,1,4,,319,11,,,1,4,,300,11,,,1,47,,277,11,,,1,8,,399,11,,,1,7,,259,11,,,1,7,,414,11,,,1,8,,362,11,,,1,7,,241,11,,,1,7,,425,11,,,1,8,,301,11,,,1,49,,278,11,,,1,8,,400,11,,,1,9,,260,11,,,1,8,,415,11,,,1,9,,363,11,,,1,9,,426,11,,,1,8,,302,11,,,1,48,,279,11,,,1,9,,401,11,,,1,8,,261,11,,,1,9,,416,11,,,1,8,,364,11,,,1,9,,427,11,,,1,9,,303,11,,,1,48,,280,11,,,1,8,,402,11,,,1,9,,262,11,,,1,8,,417,11,,,1,9,,365,11,,,1,9,,428,11,,,1,8,,304,11,,,1,49,,281,11,,,1,8,,403,11,,,1,9,,263,11,,,1,8,,418,11,,,1,9,,366,11,,,1,8,,429,11,,,1,13,,305,11,,,1,54,,404,11,,,1,16,,419,11,,,1,17,,430,11,,,1,13,,306,11,,,1,55,,405,11,,,1,15,,420,11,,,1
100,'CFDSA-Saturday-03',624,,431,11,,,1,8,,451,11,,,1,9,,530,11,,,1,9,,471,11,,,1,9,,491,11,,,1,49,,550,11,,,1,9,,511,11,,,1,8,,432,11,,,1,9,,452,11,,,1,9,,531,11,,,1,8,,472,11,,,1,49,,492,11,,,1,9,,551,11,,,1,8,,512,11,,,1,9,,433,11,,,1,9,,453,11,,,1,8,,532,11,,,1,9,,473,11,,,1,49,,493,11,,,1,8,,552,11,,,1,9,,513,11,,,1,9,,434,11,,,1,8,,454,11,,,1,9,,533,11,,,1,9,,474,11,,,1,47,,494,11,,,1,9,,553,11,,,1,9,,514,11,,,1,8,,435,11,,,1,9,,455,11,,,1,9,,534,11,,,1,8,,475,11,,,1,49,,495,11,,,1,9,,554,11,,,1,8,,515,11,,,1,9,,436,11,,,1,9,,456,11,,,1,8,,535,11,,,1,9,,476,11,,,1,49,,496,11,,,1,8,,555,11,,,1,9,,516,11,,,1,9,,437,11,,,1,8,,457,11,,,1,9,,536,11,,,1,9,,477,11,,,1,48,,497,11,,,1,9,,556,11,,,1,9,,517,11,,,1,8,,438,11,,,1,9,,458,11,,,1,9,,537,11,,,1,8,,478,11,,,1,49,,498,11,,,1,9,,557,11,,,1,8,,518,11,,,1,9,,439,11,,,1,9,,459,11,,,1,8,,538,11,,,1,9,,479,11,,,1,49,,499,11,,,1,8,,558,11,,,1,9,,519,11,,,1,10,,440,11,,,1,8,,460,11,,,1,9,,539,11,,,1,9,,480,11,,,1,48,,500,11,,,1,9,,559,11,,,1,9,,520,11,,,1,8,,441,11,,,1,9,,461,11,,,1,9,,540,11,,,1,8,,481,11,,,1,49,,501,11,,,1,9,,560,11,,,1,8,,521,11,,,1,9,,442,11,,,1,9,,462,11,,,1,8,,541,11,,,1,9,,482,11,,,1,49,,502,11,,,1,8,,561,11,,,1,9,,522,11,,,1,9,,443,11,,,1,8,,463,11,,,1,9,,542,11,,,1,8,,483,11,,,1,48,,503,11,,,1,9,,562,11,,,1,9,,523,11,,,1,8,,444,11,,,1,9,,464,11,,,1,9,,543,11,,,1,8,,484,11,,,1,49,,504,11,,,1,9,,563,11,,,1,8,,524,11,,,1,9,,445,11,,,1,9,,465,11,,,1,8,,544,11,,,1,9,,485,11,,,1,49,,505,11,,,1,8,,564,11,,,1,9,,525,11,,,1,9,,446,11,,,1,8,,466,11,,,1,9,,545,11,,,1,49,,486,11,,,1,8,,506,11,,,1,9,,565,11,,,1,9,,526,11,,,1,8,,447,11,,,1,9,,467,11,,,1,9,,546,11,,,1,48,,487,11,,,1,9,,507,11,,,1,9,,566,11,,,1,8,,527,11,,,1,9,,448,11,,,1,9,,468,11,,,1,8,,547,11,,,1,49,,488,11,,,1,9,,508,11,,,1,8,,567,11,,,1,9,,528,11,,,1,9,,449,11,,,1,8,,469,11,,,1,9,,548,11,,,1,49,,489,11,,,1,8,,509,11,,,1,9,,568,11,,,1,9,,529,11,,,1,8,,450,11,,,1,9,,470,11,,,1,9,,549,11,,,1,48,,490,11,,,1,9,,510,11,,,1,13,,569,11,,,1
100,'CFDSU-Sunday-03',825,,570,11,,,1,9,,585,11,,,1,9,,645,11,,,1,8,,600,11,,,1,8,,615,11,,,1,50,,660,11,,,1,9,,630,11,,,1,9,,571,11,,,1,8,,586,11,,,1,9,,646,11,,,1,9,,601,11,,,1,47,,616,11,,,1,9,,661,11,,,1,9,,631,11,,,1,8,,572,11,,,1,9,,587,11,,,1,9,,647,11,,,1,8,,602,11,,,1,49,,617,11,,,1,9,,662,11,,,1,8,,632,11,,,1,9,,573,11,,,1,9,,588,11,,,1,8,,648,11,,,1,9,,603,11,,,1,49,,618,11,,,1,8,,663,11,,,1,9,,633,11,,,1,9,,574,11,,,1,8,,589,11,,,1,9,,649,11,,,1,9,,604,11,,,1,48,,619,11,,,1,9,,664,11,,,1,9,,634,11,,,1,8,,575,11,,,1,9,,590,11,,,1,9,,650,11,,,1,8,,605,11,,,1,49,,620,11,,,1,9,,665,11,,,1,8,,635,11,,,1,9,,576,11,,,1,9,,591,11,,,1,8,,651,11,,,1,9,,606,11,,,1,49,,621,11,,,1,8,,666,11,,,1,9,,636,11,,,1,10,,577,11,,,1,8,,592,11,,,1,9,,652,11,,,1,9,,607,11,,,1,48,,622,11,,,1,9,,667,11,,,1,9,,637,11,,,1,8,,578,11,,,1,9,,593,11,,,1,9,,653,11,,,1,8,,608,11,,,1,49,,623,11,,,1,9,,668,11,,,1,8,,638,11,,,1,9,,579,11,,,1,9,,594,11,,,1,8,,654,11,,,1,9,,609,11,,,1,49,,624,11,,,1,8,,669,11,,,1,9,,639,11,,,1,9,,580,11,,,1,8,,595,11,,,1,9,,655,11,,,1,8,,610,11,,,1,48,,625,11,,,1,9,,670,11,,,1,9,,640,11,,,1,8,,581,11,,,1,9,,596,11,,,1,9,,656,11,,,1,8,,611,11,,,1,49,,626,11,,,1,9,,671,11,,,1,8,,641,11,,,1,9,,582,11,,,1,9,,597,11,,,1,8,,657,11,,,1,9,,612,11,,,1,49,,627,11,,,1,8,,672,11,,,1,9,,642,11,,,1,9,,583,11,,,1,8,,598,11,,,1,9,,658,11,,,1,49,,613,11,,,1,8,,628,11,,,1,9,,673,11,,,1,9,,643,11,,,1,8,,584,11,,,1,9,,599,11,,,1,9,,659,11,,,1,48,,614,11,,,1,9,,629,11,,,1,9,,674,11,,,1,8,,644,11,,,1
100,'CFDSU-Sunday-04',624,,782,11,,,1,15,,783,11,,,1,16,,784,11,,,1,55,,785,11,,,1,15,,781,11,,,1,15,,787,11,,,1,15,,786,11,,,1,55,,780,11,,,1,15,,675,11,,,1,9,,690,11,,,1,9,,750,11,,,1,8,,705,11,,,1,8,,720,11,,,1,50,,765,11,,,1,9,,735,11,,,1,9,,676,11,,,1,8,,691,11,,,1,9,,751,11,,,1,9,,706,11,,,1,47,,721,11,,,1,9,,766,11,,,1,9,,736,11,,,1,8,,677,11,,,1,9,,692,11,,,1,9,,752,11,,,1,8,,707,11,,,1,49,,722,11,,,1,9,,767,11,,,1,8,,737,11,,,1,9,,678,11,,,1,9,,693,11,,,1,8,,753,11,,,1,9,,708,11,,,1,49,,723,11,,,1,8,,768,11,,,1,9,,738,11,,,1,9,,679,11,,,1,8,,694,11,,,1,9,,754,11,,,1,9,,709,11,,,1,48,,724,11,,,1,9,,769,11,,,1,9,,739,11,,,1,8,,680,11,,,1,9,,695,11,,,1,9,,755,11,,,1,8,,710,11,,,1,49,,725,11,,,1,9,,770,11,,,1,8,,740,11,,,1,9,,681,11,,,1,9,,696,11,,,1,8,,756,11,,,1,9,,711,11,,,1,49,,726,11,,,1,8,,771,11,,,1,9,,741,11,,,1,10,,682,11,,,1,8,,697,11,,,1,9,,757,11,,,1,9,,712,11,,,1,48,,727,11,,,1,9,,772,11,,,1,9,,742,11,,,1,8,,683,11,,,1,9,,698,11,,,1,9,,758,11,,,1,8,,713,11,,,1,49,,728,11,,,1,9,,773,11,,,1,8,,743,11,,,1,9,,684,11,,,1,9,,699,11,,,1,8,,759,11,,,1,9,,714,11,,,1,49,,729,11,,,1,8,,774,11,,,1,9,,744,11,,,1,9,,685,11,,,1,8,,700,11,,,1,9,,760,11,,,1,8,,715,11,,,1,48,,730,11,,,1,9,,775,11,,,1,9,,745,11,,,1,8,,686,11,,,1,9,,701,11,,,1,9,,761,11,,,1,8,,716,11,,,1,49,,731,11,,,1,9,,776,11,,,1,8,,746,11,,,1,9,,687,11,,,1,9,,702,11,,,1,8,,762,11,,,1,9,,717,11,,,1,49,,732,11,,,1,8,,777,11,,,1,9,,747,11,,,1,9,,688,11,,,1,8,,703,11,,,1,9,,763,11,,,1,49,,718,11,,,1,8,,733,11,,,1,9,,778,11,,,1,9,,748,11,,,1,8,,689,11,,,1,9,,704,11,,,1,9,,764,11,,,1,48,,719,11,,,1,9,,734,11,,,1,9,,779,11,,,1,8,,749,11,,,1
101,'CFDFri-Weekday-03',504,,831,3,,,1,9,,810,3,,,1,11,,806,3,,,1,9,,788,3,,,1,9,,792,3,,,1,6,,852,3,,,1,52,,856,3,,,1,7,,832,3,,,1,7,,889,3,,,1,6,,811,3,,,1,8,,807,3,,,1,3,,905,3,,,1,5,,789,3,,,1,3,,917,3,,,1,4,,793,3,,,1,5,,853,3,,,1,3,,948,3,,,1,5,,877,3,,,1,44,,857,3,,,1,4,,892,3,,,1,4,,833,3,,,1,4,,894,3,,,1,4,,890,3,,,1,4,,812,3,,,1,4,,937,3,,,1,4,,808,3,,,1,4,,906,3,,,1,4,,790,3,,,1,4,,918,3,,,1,3,,794,3,,,1,4,,854,3,,,1,5,,949,3,,,1,4,,878,3,,,1,44,,858,3,,,1,4,,893,3,,,1,4,,834,3,,,1,4,,895,3,,,1,4,,891,3,,,1,4,,813,3,,,1,4,,938,3,,,1,4,,809,3,,,1,4,,907,3,,,1,4,,791,3,,,1,4,,919,3,,,1,4,,795,3,,,1,4,,855,3,,,1,4,,950,3,,,1,4,,879,3,,,1,44,,859,3,,,1,7,,835,3,,,1,6,,896,3,,,1,7,,814,3,,,1,5,,939,3,,,1,7,,908,3,,,1,7,,920,3,,,1,6,,796,3,,,1,6,,951,3,,,1,6,,880,3,,,1,47,,860,3,,,1,6,,836,3,,,1,6,,897,3,,,1,6,,815,3,,,1,6,,940,3,,,1,6,,909,3,,,1,6,,921,3,,,1,6,,797,3,,,1,6,,952,3,,,1,6,,881,3,,,1,46,,861,3,,,1,6,,837,3,,,1,6,,898,3,,,1,6,,816,3,,,1,6,,941,3,,,1,6,,910,3,,,1,6,,922,3,,,1,6,,798,3,,,1,6,,953,3,,,1,6,,882,3,,,1,46,,862,3,,,1,6,,838,3,,,1,6,,899,3,,,1,6,,817,3,,,1,6,,942,3,,,1,6,,911,3,,,1,6,,923,3,,,1,6,,799,3,,,1,6,,954,3,,,1,6,,883,3,,,1,46,,863,3,,,1,6,,839,3,,,1,6,,900,3,,,1,6,,818,3,,,1,6,,943,3,,,1,6,,912,3,,,1,6,,924,3,,,1,6,,800,3,,,1,6,,955,3,,,1,6,,884,3,,,1,46,,864,3,,,1,6,,840,3,,,1,6,,901,3,,,1,6,,819,3,,,1,6,,944,3,,,1,6,,913,3,,,1,5,,925,3,,,1,5,,974,3,,,1,4,,801,3,,,1,4,,956,3,,,1,4,,989,3,,,1,44,,885,3,,,1,4,,865,3,,,1,4,,960,3,,,1,4,,841,3,,,1,4,,902,3,,,1,4,,963,3,,,1,4,,820,3,,,1,4,,945,3,,,1,4,,978,3,,,1,4,,914,3,,,1,4,,926,3,,,1,4,,975,3,,,1,4,,802,3,,,1,4,,957,3,,,1,4,,990,3,,,1,44,,886,3,,,1,4,,866,3,,,1,4,,961,3,,,1,4,,842,3,,,1,4,,903,3,,,1,4,,964,3,,,1,4,,821,3,,,1,4,,946,3,,,1,4,,979,3,,,1,4,,915,3,,,1,4,,927,3,,,1,4,,976,3,,,1,4,,803,3,,,1,4,,958,3,,,1,4,,991,3,,,1,44,,887,3,,,1,4,,867,3,,,1,4,,962,3,,,1,4,,843,3,,,1,4,,904,3,,,1,4,,965,3,,,1,4,,822,3,,,1,4,,947,3,,,1,4,,980,3,,,1,4,,916,3,,,1,4,,928,3,,,1,4,,977,3,,,1,4,,804,3,,,1,4,,959,3,,,1,4,,992,3,,,1,44,,888,3,,,1,4,,868,3,,,1,8,,844,3,,,1,8,,966,3,,,1,6,,823,3,,,1,8,,981,3,,,1,8,,929,3,,,1,7,,805,3,,,1,7,,993,3,,,1,48,,869,3,,,1,8,,845,3,,,1,8,,967,3,,,1,7,,824,3,,,1,8,,982,3,,,1,11,,930,3,,,1,10,,994,3,,,1,48,,870,3,,,1,9,,846,3,,,1,8,,968,3,,,1,9,,825,3,,,1,8,,983,3,,,1,9,,931,3,,,1,8,,995,3,,,1,49,,871,3,,,1,8,,847,3,,,1,9,,969,3,,,1,8,,826,3,,,1,9,,984,3,,,1,8,,932,3,,,1,9,,996,3,,,1,48,,872,3,,,1,9,,848,3,,,1,8,,970,3,,,1,9,,827,3,,,1,8,,985,3,,,1,9,,933,3,,,1,8,,997,3,,,1,49,,873,3,,,1,8,,849,3,,,1,9,,971,3,,,1,8,,828,3,,,1,9,,986,3,,,1,8,,934,3,,,1,9,,998,3,,,1,48,,874,3,,,1,9,,850,3,,,1,8,,972,3,,,1,9,,829,3,,,1,8,,987,3,,,1,9,,935,3,,,1,8,,999,3,,,1,49,,875,3,,,1,8,,851,3,,,1,9,,973,3,,,1,8,,830,3,,,1,9,,988,3,,,1,8,,936,3,,,1,9,,1000,3,,,1,51,,876,3,,,1
101,'CFDMTh-Weekday-03',504,,1041,3,,,1,9,,1023,3,,,1,11,,1019,3,,,1,9,,1001,3,,,1,9,,1005,3,,,1,6,,1059,3,,,1,52,,1063,3,,,1,7,,1042,3,,,1,7,,1095,3,,,1,6,,1024,3,,,1,8,,1020,3,,,1,3,,1111,3,,,1,5,,1002,3,,,1,3,,1123,3,,,1,4,,1006,3,,,1,5,,1060,3,,,1,3,,1151,3,,,1,5,,1083,3,,,1,44,,1064,3,,,1,4,,1098,3,,,1,4,,1043,3,,,1,4,,1100,3,,,1,4,,1096,3,,,1,4,,1025,3,,,1,4,,1140,3,,,1,4,,1021,3,,,1,4,,1112,3,,,1,4,,1003,3,,,1,4,,1124,3,,,1,3,,1007,3,,,1,4,,1061,3,,,1,5,,1152,3,,,1,4,,1084,3,,,1,44,,1065,3,,,1,4,,1099,3,,,1,4,,1044,3,,,1,4,,1101,3,,,1,4,,1097,3,,,1,4,,1026,3,,,1,4,,1141,3,,,1,4,,1022,3,,,1,4,,1113,3,,,1,4,,1004,3,,,1,4,,1125,3,,,1,4,,1008,3,,,1,4,,1062,3,,,1,4,,1153,3,,,1,4,,1085,3,,,1,44,,1066,3,,,1,7,,1045,3,,,1,6,,1102,3,,,1,7,,1027,3,,,1,5,,1142,3,,,1,7,,1114,3,,,1,7,,1126,3,,,1,6,,1009,3,,,1,6,,1154,3,,,1,6,,1086,3,,,1,47,,1067,3,,,1,6,,1046,3,,,1,6,,1103,3,,,1,6,,1028,3,,,1,6,,1143,3,,,1,6,,1115,3,,,1,6,,1127,3,,,1,6,,1010,3,,,1,6,,1155,3,,,1,6,,1087,3,,,1,46,,1068,3,,,1,6,,1047,3,,,1,6,,1104,3,,,1,6,,1029,3,,,1,6,,1144,3,,,1,6,,1116,3,,,1,6,,1128,3,,,1,6,,1011,3,,,1,6,,1156,3,,,1,6,,1088,3,,,1,46,,1069,3,,,1,6,,1048,3,,,1,6,,1105,3,,,1,6,,1030,3,,,1,6,,1145,3,,,1,6,,1117,3,,,1,6,,1129,3,,,1,6,,1012,3,,,1,6,,1157,3,,,1,6,,1089,3,,,1,46,,1070,3,,,1,6,,1049,3,,,1,6,,1106,3,,,1,6,,1031,3,,,1,6,,1146,3,,,1,6,,1118,3,,,1,6,,1130,3,,,1,6,,1013,3,,,1,6,,1158,3,,,1,6,,1090,3,,,1,46,,1071,3,,,1,6,,1050,3,,,1,6,,1107,3,,,1,6,,1032,3,,,1,6,,1147,3,,,1,6,,1119,3,,,1,5,,1131,3,,,1,5,,1176,3,,,1,4,,1014,3,,,1,4,,1159,3,,,1,4,,1190,3,,,1,44,,1091,3,,,1,4,,1072,3,,,1,4,,1163,3,,,1,4,,1051,3,,,1,4,,1108,3,,,1,4,,1166,3,,,1,4,,1033,3,,,1,4,,1148,3,,,1,4,,1180,3,,,1,4,,1120,3,,,1,4,,1132,3,,,1,4,,1177,3,,,1,4,,1015,3,,,1,4,,1160,3,,,1,4,,1191,3,,,1,44,,1092,3,,,1,4,,1073,3,,,1,4,,1164,3,,,1,4,,1052,3,,,1,4,,1109,3,,,1,4,,1167,3,,,1,4,,1034,3,,,1,4,,1149,3,,,1,4,,1181,3,,,1,4,,1121,3,,,1,4,,1133,3,,,1,4,,1178,3,,,1,4,,1016,3,,,1,4,,1161,3,,,1,4,,1192,3,,,1,44,,1093,3,,,1,4,,1074,3,,,1,4,,1165,3,,,1,4,,1053,3,,,1,4,,1110,3,,,1,4,,1168,3,,,1,4,,1035,3,,,1,4,,1150,3,,,1,4,,1182,3,,,1,4,,1122,3,,,1,4,,1134,3,,,1,4,,1179,3,,,1,4,,1017,3,,,1,4,,1162,3,,,1,4,,1193,3,,,1,44,,1094,3,,,1,4,,1075,3,,,1,8,,1054,3,,,1,8,,1169,3,,,1,6,,1036,3,,,1,8,,1183,3,,,1,8,,1135,3,,,1,7,,1018,3,,,1,7,,1194,3,,,1,48,,1076,3,,,1,8,,1055,3,,,1,8,,1170,3,,,1,7,,1037,3,,,1,8,,1184,3,,,1,11,,1136,3,,,1,10,,1195,3,,,1,48,,1077,3,,,1,9,,1056,3,,,1,8,,1171,3,,,1,9,,1038,3,,,1,8,,1185,3,,,1,9,,1137,3,,,1,8,,1196,3,,,1,49,,1078,3,,,1,8,,1057,3,,,1,9,,1172,3,,,1,8,,1039,3,,,1,9,,1186,3,,,1,8,,1138,3,,,1,9,,1197,3,,,1,48,,1079,3,,,1,9,,1058,3,,,1,8,,1173,3,,,1,9,,1040,3,,,1,8,,1187,3,,,1,9,,1139,3,,,1,9,,1198,3,,,1,48,,1080,3,,,1,17,,1174,3,,,1,17,,1188,3,,,1,17,,1199,3,,,1,53,,1081,3,,,1,15,,1175,3,,,1,15,,1189,3,,,1,17,,1200,3,,,1,52,,1082,3,,,1
101,'CFDSA-Saturday-03',608,,1260,3,,,1,8,,1320,3,,,1,9,,1280,3,,,1,9,,1201,3,,,1,8,,1221,3,,,1,9,,1300,3,,,1,49,,1241,3,,,1,8,,1261,3,,,1,9,,1321,3,,,1,9,,1281,3,,,1,8,,1202,3,,,1,9,,1222,3,,,1,9,,1301,3,,,1,48,,1242,3,,,1,9,,1262,3,,,1,9,,1322,3,,,1,8,,1282,3,,,1,9,,1203,3,,,1,9,,1223,3,,,1,8,,1302,3,,,1,49,,1243,3,,,1,9,,1263,3,,,1,8,,1323,3,,,1,9,,1283,3,,,1,9,,1204,3,,,1,8,,1224,3,,,1,9,,1303,3,,,1,49,,1244,3,,,1,8,,1264,3,,,1,9,,1324,3,,,1,9,,1284,3,,,1,8,,1205,3,,,1,9,,1225,3,,,1,9,,1304,3,,,1,48,,1245,3,,,1,9,,1265,3,,,1,9,,1325,3,,,1,8,,1285,3,,,1,9,,1206,3,,,1,9,,1226,3,,,1,8,,1305,3,,,1,49,,1246,3,,,1,9,,1266,3,,,1,8,,1326,3,,,1,9,,1286,3,,,1,9,,1207,3,,,1,8,,1227,3,,,1,9,,1306,3,,,1,49,,1247,3,,,1,8,,1267,3,,,1,9,,1327,3,,,1,9,,1287,3,,,1,8,,1208,3,,,1,9,,1228,3,,,1,9,,1307,3,,,1,48,,1248,3,,,1,9,,1268,3,,,1,9,,1328,3,,,1,8,,1288,3,,,1,9,,1209,3,,,1,9,,1229,3,,,1,8,,1308,3,,,1,49,,1249,3,,,1,9,,1269,3,,,1,8,,1329,3,,,1,9,,1289,3,,,1,9,,1210,3,,,1,8,,1230,3,,,1,9,,1309,3,,,1,49,,1250,3,,,1,8,,1270,3,,,1,9,,1330,3,,,1,9,,1290,3,,,1,8,,1211,3,,,1,9,,1231,3,,,1,9,,1310,3,,,1,48,,1251,3,,,1,9,,1271,3,,,1,9,,1331,3,,,1,8,,1291,3,,,1,9,,1212,3,,,1,9,,1232,3,,,1,8,,1311,3,,,1,49,,1252,3,,,1,9,,1272,3,,,1,8,,1332,3,,,1,9,,1292,3,,,1,9,,1213,3,,,1,8,,1233,3,,,1,9,,1312,3,,,1,49,,1253,3,,,1,8,,1273,3,,,1,9,,1333,3,,,1,9,,1293,3,,,1,8,,1214,3,,,1,9,,1234,3,,,1,49,,1313,3,,,1,8,,1254,3,,,1,9,,1274,3,,,1,9,,1334,3,,,1,8,,1294,3,,,1,9,,1215,3,,,1,9,,1235,3,,,1,48,,1314,3,,,1,9,,1255,3,,,1,9,,1275,3,,,1,8,,1335,3,,,1,9,,1295,3,,,1,9,,1216,3,,,1,8,,1236,3,,,1,49,,1315,3,,,1,9,,1256,3,,,1,8,,1276,3,,,1,9,,1336,3,,,1,9,,1296,3,,,1,8,,1217,3,,,1,9,,1237,3,,,1,49,,1316,3,,,1,8,,1257,3,,,1,9,,1277,3,,,1,9,,1337,3,,,1,8,,1297,3,,,1,9,,1218,3,,,1,9,,1238,3,,,1,48,,1317,3,,,1,9,,1258,3,,,1,9,,1278,3,,,1,8,,1338,3,,,1,9,,1298,3,,,1,9,,1219,3,,,1,8,,1239,3,,,1,49,,1318,3,,,1,9,,1259,3,,,1,8,,1279,3,,,1,9,,1339,3,,,1,9,,1299,3,,,1,8,,1220,3,,,1,9,,1240,3,,,1,49,,1319,3,,,1
101,'CFDSU-Sunday-03',806,,1384,3,,,1,10,,1429,3,,,1,10,,1399,3,,,1,9,,1340,3,,,1,9,,1355,3,,,1,8,,1414,3,,,1,49,,1370,3,,,1,9,,1385,3,,,1,8,,1430,3,,,1,9,,1400,3,,,1,9,,1341,3,,,1,8,,1356,3,,,1,9,,1415,3,,,1,49,,1371,3,,,1,8,,1386,3,,,1,9,,1431,3,,,1,9,,1401,3,,,1,8,,1342,3,,,1,9,,1357,3,,,1,9,,1416,3,,,1,48,,1372,3,,,1,9,,1387,3,,,1,9,,1432,3,,,1,8,,1402,3,,,1,9,,1343,3,,,1,9,,1358,3,,,1,8,,1417,3,,,1,49,,1373,3,,,1,9,,1388,3,,,1,8,,1433,3,,,1,9,,1403,3,,,1,9,,1344,3,,,1,8,,1359,3,,,1,9,,1418,3,,,1,49,,1374,3,,,1,8,,1389,3,,,1,9,,1434,3,,,1,9,,1404,3,,,1,8,,1345,3,,,1,9,,1360,3,,,1,9,,1419,3,,,1,48,,1375,3,,,1,9,,1390,3,,,1,9,,1435,3,,,1,8,,1405,3,,,1,9,,1346,3,,,1,9,,1361,3,,,1,8,,1420,3,,,1,49,,1376,3,,,1,9,,1391,3,,,1,8,,1436,3,,,1,9,,1406,3,,,1,9,,1347,3,,,1,8,,1362,3,,,1,9,,1421,3,,,1,49,,1377,3,,,1,8,,1392,3,,,1,9,,1437,3,,,1,9,,1407,3,,,1,8,,1348,3,,,1,9,,1363,3,,,1,9,,1422,3,,,1,48,,1378,3,,,1,9,,1393,3,,,1,9,,1438,3,,,1,8,,1408,3,,,1,9,,1349,3,,,1,9,,1364,3,,,1,8,,1423,3,,,1,49,,1379,3,,,1,9,,1394,3,,,1,8,,1439,3,,,1,9,,1409,3,,,1,9,,1350,3,,,1,8,,1365,3,,,1,9,,1424,3,,,1,49,,1380,3,,,1,8,,1395,3,,,1,9,,1440,3,,,1,9,,1410,3,,,1,8,,1351,3,,,1,9,,1366,3,,,1,49,,1425,3,,,1,8,,1381,3,,,1,9,,1396,3,,,1,9,,1441,3,,,1,8,,1411,3,,,1,9,,1352,3,,,1,9,,1367,3,,,1,48,,1426,3,,,1,9,,1382,3,,,1,9,,1397,3,,,1,8,,1442,3,,,1,9,,1412,3,,,1,9,,1353,3,,,1,8,,1368,3,,,1,49,,1427,3,,,1,9,,1383,3,,,1,8,,1398,3,,,1,9,,1443,3,,,1,9,,1413,3,,,1,8,,1354,3,,,1,9,,1369,3,,,1,51,,1428,3,,,1
101,'CFDSU-Sunday-04',604,,1555,3,,,1,15,,1554,3,,,1,15,,1553,3,,,1,15,,1551,3,,,1,55,,1552,3,,,1,15,,1548,3,,,1,15,,1550,3,,,1,15,,1549,3,,,1,57,,1488,3,,,1,10,,1533,3,,,1,10,,1503,3,,,1,9,,1444,3,,,1,9,,1459,3,,,1,8,,1518,3,,,1,49,,1474,3,,,1,9,,1489,3,,,1,8,,1534,3,,,1,9,,1504,3,,,1,9,,1445,3,,,1,8,,1460,3,,,1,9,,1519,3,,,1,49,,1475,3,,,1,8,,1490,3,,,1,9,,1535,3,,,1,9,,1505,3,,,1,8,,1446,3,,,1,9,,1461,3,,,1,9,,1520,3,,,1,48,,1476,3,,,1,9,,1491,3,,,1,9,,1536,3,,,1,8,,1506,3,,,1,9,,1447,3,,,1,9,,1462,3,,,1,8,,1521,3,,,1,49,,1477,3,,,1,9,,1492,3,,,1,8,,1537,3,,,1,9,,1507,3,,,1,9,,1448,3,,,1,8,,1463,3,,,1,9,,1522,3,,,1,49,,1478,3,,,1,8,,1493,3,,,1,9,,1538,3,,,1,9,,1508,3,,,1,8,,1449,3,,,1,9,,1464,3,,,1,9,,1523,3,,,1,48,,1479,3,,,1,9,,1494,3,,,1,9,,1539,3,,,1,8,,1509,3,,,1,9,,1450,3,,,1,9,,1465,3,,,1,8,,1524,3,,,1,49,,1480,3,,,1,9,,1495,3,,,1,8,,1540,3,,,1,9,,1510,3,,,1,9,,1451,3,,,1,8,,1466,3,,,1,9,,1525,3,,,1,49,,1481,3,,,1,8,,1496,3,,,1,9,,1541,3,,,1,9,,1511,3,,,1,8,,1452,3,,,1,9,,1467,3,,,1,9,,1526,3,,,1,48,,1482,3,,,1,9,,1497,3,,,1,9,,1542,3,,,1,8,,1512,3,,,1,9,,1453,3,,,1,9,,1468,3,,,1,8,,1527,3,,,1,49,,1483,3,,,1,9,,1498,3,,,1,8,,1543,3,,,1,9,,1513,3,,,1,9,,1454,3,,,1,8,,1469,3,,,1,9,,1528,3,,,1,49,,1484,3,,,1,8,,1499,3,,,1,9,,1544,3,,,1,9,,1514,3,,,1,8,,1455,3,,,1,9,,1470,3,,,1,49,,1529,3,,,1,8,,1485,3,,,1,9,,1500,3,,,1,9,,1545,3,,,1,8,,1515,3,,,1,9,,1456,3,,,1,9,,1471,3,,,1,48,,1530,3,,,1,9,,1486,3,,,1,9,,1501,3,,,1,8,,1546,3,,,1,9,,1516,3,,,1,9,,1457,3,,,1,8,,1472,3,,,1,49,,1531,3,,,1,9,,1487,3,,,1,8,,1502,3,,,1,9,,1547,3,,,1,9,,1517,3,,,1,8,,1458,3,,,1,9,,1473,3,,,1,51,,1532,3,,,1
